[d, p, q] = [15, 3, 12]
0,0,36,216,420,0,288,0,64
Degree Spatial distribution
[2, 2, 2, 3, 3, 3, 3, 3, 3, 3, 3, 3, 4, 4, 4, 4, 4, 4, 4, 4, 3, 3, 3, 3, 3, 3, 3, 3, 3, 2, 2, 2]
[2, 2, 2, 3, 3, 3, 3, 3, 3, 3, 3, 3, 4, 4, 4, 4, 4, 4, 4, 4, 3, 3, 3, 3, 3, 3, 3, 3, 3, 2, 2, 2]
[2, 2, 2, 3, 3, 3, 3, 3, 3, 3, 3, 3, 4, 4, 4, 4, 4, 4, 4, 4, 3, 3, 3, 3, 3, 3, 3, 3, 3, 2, 2, 2]
[3, 3, 3, 4, 4, 4, 4, 4, 4, 4, 4, 4, 6, 6, 6, 6, 6, 6, 6, 6, 4, 4, 4, 4, 4, 4, 4, 4, 4, 3, 3, 3]
[3, 3, 3, 4, 4, 4, 4, 4, 4, 4, 4, 4, 6, 6, 6, 6, 6, 6, 6, 6, 4, 4, 4, 4, 4, 4, 4, 4, 4, 3, 3, 3]
[3, 3, 3, 4, 4, 4, 4, 4, 4, 4, 4, 4, 6, 6, 6, 6, 6, 6, 6, 6, 4, 4, 4, 4, 4, 4, 4, 4, 4, 3, 3, 3]
[3, 3, 3, 4, 4, 4, 4, 4, 4, 4, 4, 4, 6, 6, 6, 6, 6, 6, 6, 6, 4, 4, 4, 4, 4, 4, 4, 4, 4, 3, 3, 3]
[3, 3, 3, 4, 4, 4, 4, 4, 4, 4, 4, 4, 6, 6, 6, 6, 6, 6, 6, 6, 4, 4, 4, 4, 4, 4, 4, 4, 4, 3, 3, 3]
[3, 3, 3, 4, 4, 4, 4, 4, 4, 4, 4, 4, 6, 6, 6, 6, 6, 6, 6, 6, 4, 4, 4, 4, 4, 4, 4, 4, 4, 3, 3, 3]
[3, 3, 3, 4, 4, 4, 4, 4, 4, 4, 4, 4, 6, 6, 6, 6, 6, 6, 6, 6, 4, 4, 4, 4, 4, 4, 4, 4, 4, 3, 3, 3]
[3, 3, 3, 4, 4, 4, 4, 4, 4, 4, 4, 4, 6, 6, 6, 6, 6, 6, 6, 6, 4, 4, 4, 4, 4, 4, 4, 4, 4, 3, 3, 3]
[3, 3, 3, 4, 4, 4, 4, 4, 4, 4, 4, 4, 6, 6, 6, 6, 6, 6, 6, 6, 4, 4, 4, 4, 4, 4, 4, 4, 4, 3, 3, 3]
[4, 4, 4, 6, 6, 6, 6, 6, 6, 6, 6, 6, 8, 8, 8, 8, 8, 8, 8, 8, 6, 6, 6, 6, 6, 6, 6, 6, 6, 4, 4, 4]
[4, 4, 4, 6, 6, 6, 6, 6, 6, 6, 6, 6, 8, 8, 8, 8, 8, 8, 8, 8, 6, 6, 6, 6, 6, 6, 6, 6, 6, 4, 4, 4]
[4, 4, 4, 6, 6, 6, 6, 6, 6, 6, 6, 6, 8, 8, 8, 8, 8, 8, 8, 8, 6, 6, 6, 6, 6, 6, 6, 6, 6, 4, 4, 4]
[4, 4, 4, 6, 6, 6, 6, 6, 6, 6, 6, 6, 8, 8, 8, 8, 8, 8, 8, 8, 6, 6, 6, 6, 6, 6, 6, 6, 6, 4, 4, 4]
[4, 4, 4, 6, 6, 6, 6, 6, 6, 6, 6, 6, 8, 8, 8, 8, 8, 8, 8, 8, 6, 6, 6, 6, 6, 6, 6, 6, 6, 4, 4, 4]
[4, 4, 4, 6, 6, 6, 6, 6, 6, 6, 6, 6, 8, 8, 8, 8, 8, 8, 8, 8, 6, 6, 6, 6, 6, 6, 6, 6, 6, 4, 4, 4]
[4, 4, 4, 6, 6, 6, 6, 6, 6, 6, 6, 6, 8, 8, 8, 8, 8, 8, 8, 8, 6, 6, 6, 6, 6, 6, 6, 6, 6, 4, 4, 4]
[4, 4, 4, 6, 6, 6, 6, 6, 6, 6, 6, 6, 8, 8, 8, 8, 8, 8, 8, 8, 6, 6, 6, 6, 6, 6, 6, 6, 6, 4, 4, 4]
[3, 3, 3, 4, 4, 4, 4, 4, 4, 4, 4, 4, 6, 6, 6, 6, 6, 6, 6, 6, 4, 4, 4, 4, 4, 4, 4, 4, 4, 3, 3, 3]
[3, 3, 3, 4, 4, 4, 4, 4, 4, 4, 4, 4, 6, 6, 6, 6, 6, 6, 6, 6, 4, 4, 4, 4, 4, 4, 4, 4, 4, 3, 3, 3]
[3, 3, 3, 4, 4, 4, 4, 4, 4, 4, 4, 4, 6, 6, 6, 6, 6, 6, 6, 6, 4, 4, 4, 4, 4, 4, 4, 4, 4, 3, 3, 3]
[3, 3, 3, 4, 4, 4, 4, 4, 4, 4, 4, 4, 6, 6, 6, 6, 6, 6, 6, 6, 4, 4, 4, 4, 4, 4, 4, 4, 4, 3, 3, 3]
[3, 3, 3, 4, 4, 4, 4, 4, 4, 4, 4, 4, 6, 6, 6, 6, 6, 6, 6, 6, 4, 4, 4, 4, 4, 4, 4, 4, 4, 3, 3, 3]
[3, 3, 3, 4, 4, 4, 4, 4, 4, 4, 4, 4, 6, 6, 6, 6, 6, 6, 6, 6, 4, 4, 4, 4, 4, 4, 4, 4, 4, 3, 3, 3]
[3, 3, 3, 4, 4, 4, 4, 4, 4, 4, 4, 4, 6, 6, 6, 6, 6, 6, 6, 6, 4, 4, 4, 4, 4, 4, 4, 4, 4, 3, 3, 3]
[3, 3, 3, 4, 4, 4, 4, 4, 4, 4, 4, 4, 6, 6, 6, 6, 6, 6, 6, 6, 4, 4, 4, 4, 4, 4, 4, 4, 4, 3, 3, 3]
[3, 3, 3, 4, 4, 4, 4, 4, 4, 4, 4, 4, 6, 6, 6, 6, 6, 6, 6, 6, 4, 4, 4, 4, 4, 4, 4, 4, 4, 3, 3, 3]
[2, 2, 2, 3, 3, 3, 3, 3, 3, 3, 3, 3, 4, 4, 4, 4, 4, 4, 4, 4, 3, 3, 3, 3, 3, 3, 3, 3, 3, 2, 2, 2]
[2, 2, 2, 3, 3, 3, 3, 3, 3, 3, 3, 3, 4, 4, 4, 4, 4, 4, 4, 4, 3, 3, 3, 3, 3, 3, 3, 3, 3, 2, 2, 2]
[2, 2, 2, 3, 3, 3, 3, 3, 3, 3, 3, 3, 4, 4, 4, 4, 4, 4, 4, 4, 3, 3, 3, 3, 3, 3, 3, 3, 3, 2, 2, 2]
Edges: 2320
Moves: 4640
Max Clique Size: 2
Number of Max Cliques: 2320
Number of Connected Components: 9
Connected Components Spatial Distribution
[ 6, 1, 9, 6, 1, 9, 6, 1, 9, 6, 1, 9, 6, 1, 9, 6, 1, 9, 6, 1, 9, 6, 1, 9, 6, 1, 9, 6, 1, 9, 6, 1]
[ 3, 4, 2, 3, 4, 2, 3, 4, 2, 3, 4, 2, 3, 4, 2, 3, 4, 2, 3, 4, 2, 3, 4, 2, 3, 4, 2, 3, 4, 2, 3, 4]
[ 7, 8, 5, 7, 8, 5, 7, 8, 5, 7, 8, 5, 7, 8, 5, 7, 8, 5, 7, 8, 5, 7, 8, 5, 7, 8, 5, 7, 8, 5, 7, 8]
[ 6, 1, 9, 6, 1, 9, 6, 1, 9, 6, 1, 9, 6, 1, 9, 6, 1, 9, 6, 1, 9, 6, 1, 9, 6, 1, 9, 6, 1, 9, 6, 1]
[ 3, 4, 2, 3, 4, 2, 3, 4, 2, 3, 4, 2, 3, 4, 2, 3, 4, 2, 3, 4, 2, 3, 4, 2, 3, 4, 2, 3, 4, 2, 3, 4]
[ 7, 8, 5, 7, 8, 5, 7, 8, 5, 7, 8, 5, 7, 8, 5, 7, 8, 5, 7, 8, 5, 7, 8, 5, 7, 8, 5, 7, 8, 5, 7, 8]
[ 6, 1, 9, 6, 1, 9, 6, 1, 9, 6, 1, 9, 6, 1, 9, 6, 1, 9, 6, 1, 9, 6, 1, 9, 6, 1, 9, 6, 1, 9, 6, 1]
[ 3, 4, 2, 3, 4, 2, 3, 4, 2, 3, 4, 2, 3, 4, 2, 3, 4, 2, 3, 4, 2, 3, 4, 2, 3, 4, 2, 3, 4, 2, 3, 4]
[ 7, 8, 5, 7, 8, 5, 7, 8, 5, 7, 8, 5, 7, 8, 5, 7, 8, 5, 7, 8, 5, 7, 8, 5, 7, 8, 5, 7, 8, 5, 7, 8]
[ 6, 1, 9, 6, 1, 9, 6, 1, 9, 6, 1, 9, 6, 1, 9, 6, 1, 9, 6, 1, 9, 6, 1, 9, 6, 1, 9, 6, 1, 9, 6, 1]
[ 3, 4, 2, 3, 4, 2, 3, 4, 2, 3, 4, 2, 3, 4, 2, 3, 4, 2, 3, 4, 2, 3, 4, 2, 3, 4, 2, 3, 4, 2, 3, 4]
[ 7, 8, 5, 7, 8, 5, 7, 8, 5, 7, 8, 5, 7, 8, 5, 7, 8, 5, 7, 8, 5, 7, 8, 5, 7, 8, 5, 7, 8, 5, 7, 8]
[ 6, 1, 9, 6, 1, 9, 6, 1, 9, 6, 1, 9, 6, 1, 9, 6, 1, 9, 6, 1, 9, 6, 1, 9, 6, 1, 9, 6, 1, 9, 6, 1]
[ 3, 4, 2, 3, 4, 2, 3, 4, 2, 3, 4, 2, 3, 4, 2, 3, 4, 2, 3, 4, 2, 3, 4, 2, 3, 4, 2, 3, 4, 2, 3, 4]
[ 7, 8, 5, 7, 8, 5, 7, 8, 5, 7, 8, 5, 7, 8, 5, 7, 8, 5, 7, 8, 5, 7, 8, 5, 7, 8, 5, 7, 8, 5, 7, 8]
[ 6, 1, 9, 6, 1, 9, 6, 1, 9, 6, 1, 9, 6, 1, 9, 6, 1, 9, 6, 1, 9, 6, 1, 9, 6, 1, 9, 6, 1, 9, 6, 1]
[ 3, 4, 2, 3, 4, 2, 3, 4, 2, 3, 4, 2, 3, 4, 2, 3, 4, 2, 3, 4, 2, 3, 4, 2, 3, 4, 2, 3, 4, 2, 3, 4]
[ 7, 8, 5, 7, 8, 5, 7, 8, 5, 7, 8, 5, 7, 8, 5, 7, 8, 5, 7, 8, 5, 7, 8, 5, 7, 8, 5, 7, 8, 5, 7, 8]
[ 6, 1, 9, 6, 1, 9, 6, 1, 9, 6, 1, 9, 6, 1, 9, 6, 1, 9, 6, 1, 9, 6, 1, 9, 6, 1, 9, 6, 1, 9, 6, 1]
[ 3, 4, 2, 3, 4, 2, 3, 4, 2, 3, 4, 2, 3, 4, 2, 3, 4, 2, 3, 4, 2, 3, 4, 2, 3, 4, 2, 3, 4, 2, 3, 4]
[ 7, 8, 5, 7, 8, 5, 7, 8, 5, 7, 8, 5, 7, 8, 5, 7, 8, 5, 7, 8, 5, 7, 8, 5, 7, 8, 5, 7, 8, 5, 7, 8]
[ 6, 1, 9, 6, 1, 9, 6, 1, 9, 6, 1, 9, 6, 1, 9, 6, 1, 9, 6, 1, 9, 6, 1, 9, 6, 1, 9, 6, 1, 9, 6, 1]
[ 3, 4, 2, 3, 4, 2, 3, 4, 2, 3, 4, 2, 3, 4, 2, 3, 4, 2, 3, 4, 2, 3, 4, 2, 3, 4, 2, 3, 4, 2, 3, 4]
[ 7, 8, 5, 7, 8, 5, 7, 8, 5, 7, 8, 5, 7, 8, 5, 7, 8, 5, 7, 8, 5, 7, 8, 5, 7, 8, 5, 7, 8, 5, 7, 8]
[ 6, 1, 9, 6, 1, 9, 6, 1, 9, 6, 1, 9, 6, 1, 9, 6, 1, 9, 6, 1, 9, 6, 1, 9, 6, 1, 9, 6, 1, 9, 6, 1]
[ 3, 4, 2, 3, 4, 2, 3, 4, 2, 3, 4, 2, 3, 4, 2, 3, 4, 2, 3, 4, 2, 3, 4, 2, 3, 4, 2, 3, 4, 2, 3, 4]
[ 7, 8, 5, 7, 8, 5, 7, 8, 5, 7, 8, 5, 7, 8, 5, 7, 8, 5, 7, 8, 5, 7, 8, 5, 7, 8, 5, 7, 8, 5, 7, 8]
[ 6, 1, 9, 6, 1, 9, 6, 1, 9, 6, 1, 9, 6, 1, 9, 6, 1, 9, 6, 1, 9, 6, 1, 9, 6, 1, 9, 6, 1, 9, 6, 1]
[ 3, 4, 2, 3, 4, 2, 3, 4, 2, 3, 4, 2, 3, 4, 2, 3, 4, 2, 3, 4, 2, 3, 4, 2, 3, 4, 2, 3, 4, 2, 3, 4]
[ 7, 8, 5, 7, 8, 5, 7, 8, 5, 7, 8, 5, 7, 8, 5, 7, 8, 5, 7, 8, 5, 7, 8, 5, 7, 8, 5, 7, 8, 5, 7, 8]
[ 6, 1, 9, 6, 1, 9, 6, 1, 9, 6, 1, 9, 6, 1, 9, 6, 1, 9, 6, 1, 9, 6, 1, 9, 6, 1, 9, 6, 1, 9, 6, 1]
[ 3, 4, 2, 3, 4, 2, 3, 4, 2, 3, 4, 2, 3, 4, 2, 3, 4, 2, 3, 4, 2, 3, 4, 2, 3, 4, 2, 3, 4, 2, 3, 4]
