[d, p, q] = [15, 5, 10]
0,0,100,200,340,0,240,0,144
Degree Spatial distribution
[2, 2, 2, 2, 2, 3, 3, 3, 3, 3, 4, 4, 4, 4, 4, 4, 4, 4, 4, 4, 4, 4, 3, 3, 3, 3, 3, 2, 2, 2, 2, 2]
[2, 2, 2, 2, 2, 3, 3, 3, 3, 3, 4, 4, 4, 4, 4, 4, 4, 4, 4, 4, 4, 4, 3, 3, 3, 3, 3, 2, 2, 2, 2, 2]
[2, 2, 2, 2, 2, 3, 3, 3, 3, 3, 4, 4, 4, 4, 4, 4, 4, 4, 4, 4, 4, 4, 3, 3, 3, 3, 3, 2, 2, 2, 2, 2]
[2, 2, 2, 2, 2, 3, 3, 3, 3, 3, 4, 4, 4, 4, 4, 4, 4, 4, 4, 4, 4, 4, 3, 3, 3, 3, 3, 2, 2, 2, 2, 2]
[2, 2, 2, 2, 2, 3, 3, 3, 3, 3, 4, 4, 4, 4, 4, 4, 4, 4, 4, 4, 4, 4, 3, 3, 3, 3, 3, 2, 2, 2, 2, 2]
[3, 3, 3, 3, 3, 4, 4, 4, 4, 4, 6, 6, 6, 6, 6, 6, 6, 6, 6, 6, 6, 6, 4, 4, 4, 4, 4, 3, 3, 3, 3, 3]
[3, 3, 3, 3, 3, 4, 4, 4, 4, 4, 6, 6, 6, 6, 6, 6, 6, 6, 6, 6, 6, 6, 4, 4, 4, 4, 4, 3, 3, 3, 3, 3]
[3, 3, 3, 3, 3, 4, 4, 4, 4, 4, 6, 6, 6, 6, 6, 6, 6, 6, 6, 6, 6, 6, 4, 4, 4, 4, 4, 3, 3, 3, 3, 3]
[3, 3, 3, 3, 3, 4, 4, 4, 4, 4, 6, 6, 6, 6, 6, 6, 6, 6, 6, 6, 6, 6, 4, 4, 4, 4, 4, 3, 3, 3, 3, 3]
[3, 3, 3, 3, 3, 4, 4, 4, 4, 4, 6, 6, 6, 6, 6, 6, 6, 6, 6, 6, 6, 6, 4, 4, 4, 4, 4, 3, 3, 3, 3, 3]
[4, 4, 4, 4, 4, 6, 6, 6, 6, 6, 8, 8, 8, 8, 8, 8, 8, 8, 8, 8, 8, 8, 6, 6, 6, 6, 6, 4, 4, 4, 4, 4]
[4, 4, 4, 4, 4, 6, 6, 6, 6, 6, 8, 8, 8, 8, 8, 8, 8, 8, 8, 8, 8, 8, 6, 6, 6, 6, 6, 4, 4, 4, 4, 4]
[4, 4, 4, 4, 4, 6, 6, 6, 6, 6, 8, 8, 8, 8, 8, 8, 8, 8, 8, 8, 8, 8, 6, 6, 6, 6, 6, 4, 4, 4, 4, 4]
[4, 4, 4, 4, 4, 6, 6, 6, 6, 6, 8, 8, 8, 8, 8, 8, 8, 8, 8, 8, 8, 8, 6, 6, 6, 6, 6, 4, 4, 4, 4, 4]
[4, 4, 4, 4, 4, 6, 6, 6, 6, 6, 8, 8, 8, 8, 8, 8, 8, 8, 8, 8, 8, 8, 6, 6, 6, 6, 6, 4, 4, 4, 4, 4]
[4, 4, 4, 4, 4, 6, 6, 6, 6, 6, 8, 8, 8, 8, 8, 8, 8, 8, 8, 8, 8, 8, 6, 6, 6, 6, 6, 4, 4, 4, 4, 4]
[4, 4, 4, 4, 4, 6, 6, 6, 6, 6, 8, 8, 8, 8, 8, 8, 8, 8, 8, 8, 8, 8, 6, 6, 6, 6, 6, 4, 4, 4, 4, 4]
[4, 4, 4, 4, 4, 6, 6, 6, 6, 6, 8, 8, 8, 8, 8, 8, 8, 8, 8, 8, 8, 8, 6, 6, 6, 6, 6, 4, 4, 4, 4, 4]
[4, 4, 4, 4, 4, 6, 6, 6, 6, 6, 8, 8, 8, 8, 8, 8, 8, 8, 8, 8, 8, 8, 6, 6, 6, 6, 6, 4, 4, 4, 4, 4]
[4, 4, 4, 4, 4, 6, 6, 6, 6, 6, 8, 8, 8, 8, 8, 8, 8, 8, 8, 8, 8, 8, 6, 6, 6, 6, 6, 4, 4, 4, 4, 4]
[4, 4, 4, 4, 4, 6, 6, 6, 6, 6, 8, 8, 8, 8, 8, 8, 8, 8, 8, 8, 8, 8, 6, 6, 6, 6, 6, 4, 4, 4, 4, 4]
[4, 4, 4, 4, 4, 6, 6, 6, 6, 6, 8, 8, 8, 8, 8, 8, 8, 8, 8, 8, 8, 8, 6, 6, 6, 6, 6, 4, 4, 4, 4, 4]
[3, 3, 3, 3, 3, 4, 4, 4, 4, 4, 6, 6, 6, 6, 6, 6, 6, 6, 6, 6, 6, 6, 4, 4, 4, 4, 4, 3, 3, 3, 3, 3]
[3, 3, 3, 3, 3, 4, 4, 4, 4, 4, 6, 6, 6, 6, 6, 6, 6, 6, 6, 6, 6, 6, 4, 4, 4, 4, 4, 3, 3, 3, 3, 3]
[3, 3, 3, 3, 3, 4, 4, 4, 4, 4, 6, 6, 6, 6, 6, 6, 6, 6, 6, 6, 6, 6, 4, 4, 4, 4, 4, 3, 3, 3, 3, 3]
[3, 3, 3, 3, 3, 4, 4, 4, 4, 4, 6, 6, 6, 6, 6, 6, 6, 6, 6, 6, 6, 6, 4, 4, 4, 4, 4, 3, 3, 3, 3, 3]
[3, 3, 3, 3, 3, 4, 4, 4, 4, 4, 6, 6, 6, 6, 6, 6, 6, 6, 6, 6, 6, 6, 4, 4, 4, 4, 4, 3, 3, 3, 3, 3]
[2, 2, 2, 2, 2, 3, 3, 3, 3, 3, 4, 4, 4, 4, 4, 4, 4, 4, 4, 4, 4, 4, 3, 3, 3, 3, 3, 2, 2, 2, 2, 2]
[2, 2, 2, 2, 2, 3, 3, 3, 3, 3, 4, 4, 4, 4, 4, 4, 4, 4, 4, 4, 4, 4, 3, 3, 3, 3, 3, 2, 2, 2, 2, 2]
[2, 2, 2, 2, 2, 3, 3, 3, 3, 3, 4, 4, 4, 4, 4, 4, 4, 4, 4, 4, 4, 4, 3, 3, 3, 3, 3, 2, 2, 2, 2, 2]
[2, 2, 2, 2, 2, 3, 3, 3, 3, 3, 4, 4, 4, 4, 4, 4, 4, 4, 4, 4, 4, 4, 3, 3, 3, 3, 3, 2, 2, 2, 2, 2]
[2, 2, 2, 2, 2, 3, 3, 3, 3, 3, 4, 4, 4, 4, 4, 4, 4, 4, 4, 4, 4, 4, 3, 3, 3, 3, 3, 2, 2, 2, 2, 2]
Edges: 2376
Moves: 4752
Max Clique Size: 2
Number of Max Cliques: 2376
Number of Connected Components: 25
Connected Components Spatial Distribution
[ 4,22, 8,13,14, 4,22, 8,13,14, 4,22, 8,13,14, 4,22, 8,13,14, 4,22, 8,13,14, 4,22, 8,13,14, 4,22]
[ 3, 2,21,12,15, 3, 2,21,12,15, 3, 2,21,12,15, 3, 2,21,12,15, 3, 2,21,12,15, 3, 2,21,12,15, 3, 2]
[10,16,17,20,19,10,16,17,20,19,10,16,17,20,19,10,16,17,20,19,10,16,17,20,19,10,16,17,20,19,10,16]
[25, 6, 1,24,23,25, 6, 1,24,23,25, 6, 1,24,23,25, 6, 1,24,23,25, 6, 1,24,23,25, 6, 1,24,23,25, 6]
[18, 5, 9,11, 7,18, 5, 9,11, 7,18, 5, 9,11, 7,18, 5, 9,11, 7,18, 5, 9,11, 7,18, 5, 9,11, 7,18, 5]
[ 4,22, 8,13,14, 4,22, 8,13,14, 4,22, 8,13,14, 4,22, 8,13,14, 4,22, 8,13,14, 4,22, 8,13,14, 4,22]
[ 3, 2,21,12,15, 3, 2,21,12,15, 3, 2,21,12,15, 3, 2,21,12,15, 3, 2,21,12,15, 3, 2,21,12,15, 3, 2]
[10,16,17,20,19,10,16,17,20,19,10,16,17,20,19,10,16,17,20,19,10,16,17,20,19,10,16,17,20,19,10,16]
[25, 6, 1,24,23,25, 6, 1,24,23,25, 6, 1,24,23,25, 6, 1,24,23,25, 6, 1,24,23,25, 6, 1,24,23,25, 6]
[18, 5, 9,11, 7,18, 5, 9,11, 7,18, 5, 9,11, 7,18, 5, 9,11, 7,18, 5, 9,11, 7,18, 5, 9,11, 7,18, 5]
[ 4,22, 8,13,14, 4,22, 8,13,14, 4,22, 8,13,14, 4,22, 8,13,14, 4,22, 8,13,14, 4,22, 8,13,14, 4,22]
[ 3, 2,21,12,15, 3, 2,21,12,15, 3, 2,21,12,15, 3, 2,21,12,15, 3, 2,21,12,15, 3, 2,21,12,15, 3, 2]
[10,16,17,20,19,10,16,17,20,19,10,16,17,20,19,10,16,17,20,19,10,16,17,20,19,10,16,17,20,19,10,16]
[25, 6, 1,24,23,25, 6, 1,24,23,25, 6, 1,24,23,25, 6, 1,24,23,25, 6, 1,24,23,25, 6, 1,24,23,25, 6]
[18, 5, 9,11, 7,18, 5, 9,11, 7,18, 5, 9,11, 7,18, 5, 9,11, 7,18, 5, 9,11, 7,18, 5, 9,11, 7,18, 5]
[ 4,22, 8,13,14, 4,22, 8,13,14, 4,22, 8,13,14, 4,22, 8,13,14, 4,22, 8,13,14, 4,22, 8,13,14, 4,22]
[ 3, 2,21,12,15, 3, 2,21,12,15, 3, 2,21,12,15, 3, 2,21,12,15, 3, 2,21,12,15, 3, 2,21,12,15, 3, 2]
[10,16,17,20,19,10,16,17,20,19,10,16,17,20,19,10,16,17,20,19,10,16,17,20,19,10,16,17,20,19,10,16]
[25, 6, 1,24,23,25, 6, 1,24,23,25, 6, 1,24,23,25, 6, 1,24,23,25, 6, 1,24,23,25, 6, 1,24,23,25, 6]
[18, 5, 9,11, 7,18, 5, 9,11, 7,18, 5, 9,11, 7,18, 5, 9,11, 7,18, 5, 9,11, 7,18, 5, 9,11, 7,18, 5]
[ 4,22, 8,13,14, 4,22, 8,13,14, 4,22, 8,13,14, 4,22, 8,13,14, 4,22, 8,13,14, 4,22, 8,13,14, 4,22]
[ 3, 2,21,12,15, 3, 2,21,12,15, 3, 2,21,12,15, 3, 2,21,12,15, 3, 2,21,12,15, 3, 2,21,12,15, 3, 2]
[10,16,17,20,19,10,16,17,20,19,10,16,17,20,19,10,16,17,20,19,10,16,17,20,19,10,16,17,20,19,10,16]
[25, 6, 1,24,23,25, 6, 1,24,23,25, 6, 1,24,23,25, 6, 1,24,23,25, 6, 1,24,23,25, 6, 1,24,23,25, 6]
[18, 5, 9,11, 7,18, 5, 9,11, 7,18, 5, 9,11, 7,18, 5, 9,11, 7,18, 5, 9,11, 7,18, 5, 9,11, 7,18, 5]
[ 4,22, 8,13,14, 4,22, 8,13,14, 4,22, 8,13,14, 4,22, 8,13,14, 4,22, 8,13,14, 4,22, 8,13,14, 4,22]
[ 3, 2,21,12,15, 3, 2,21,12,15, 3, 2,21,12,15, 3, 2,21,12,15, 3, 2,21,12,15, 3, 2,21,12,15, 3, 2]
[10,16,17,20,19,10,16,17,20,19,10,16,17,20,19,10,16,17,20,19,10,16,17,20,19,10,16,17,20,19,10,16]
[25, 6, 1,24,23,25, 6, 1,24,23,25, 6, 1,24,23,25, 6, 1,24,23,25, 6, 1,24,23,25, 6, 1,24,23,25, 6]
[18, 5, 9,11, 7,18, 5, 9,11, 7,18, 5, 9,11, 7,18, 5, 9,11, 7,18, 5, 9,11, 7,18, 5, 9,11, 7,18, 5]
[ 4,22, 8,13,14, 4,22, 8,13,14, 4,22, 8,13,14, 4,22, 8,13,14, 4,22, 8,13,14, 4,22, 8,13,14, 4,22]
[ 3, 2,21,12,15, 3, 2,21,12,15, 3, 2,21,12,15, 3, 2,21,12,15, 3, 2,21,12,15, 3, 2,21,12,15, 3, 2]
