[d, p, q] = [15, 6, 9]
0,0,144,144,372,0,168,0,196
Degree Spatial distribution
[2, 2, 2, 2, 2, 2, 3, 3, 3, 4, 4, 4, 4, 4, 4, 4, 4, 4, 4, 4, 4, 4, 4, 3, 3, 3, 2, 2, 2, 2, 2, 2]
[2, 2, 2, 2, 2, 2, 3, 3, 3, 4, 4, 4, 4, 4, 4, 4, 4, 4, 4, 4, 4, 4, 4, 3, 3, 3, 2, 2, 2, 2, 2, 2]
[2, 2, 2, 2, 2, 2, 3, 3, 3, 4, 4, 4, 4, 4, 4, 4, 4, 4, 4, 4, 4, 4, 4, 3, 3, 3, 2, 2, 2, 2, 2, 2]
[2, 2, 2, 2, 2, 2, 3, 3, 3, 4, 4, 4, 4, 4, 4, 4, 4, 4, 4, 4, 4, 4, 4, 3, 3, 3, 2, 2, 2, 2, 2, 2]
[2, 2, 2, 2, 2, 2, 3, 3, 3, 4, 4, 4, 4, 4, 4, 4, 4, 4, 4, 4, 4, 4, 4, 3, 3, 3, 2, 2, 2, 2, 2, 2]
[2, 2, 2, 2, 2, 2, 3, 3, 3, 4, 4, 4, 4, 4, 4, 4, 4, 4, 4, 4, 4, 4, 4, 3, 3, 3, 2, 2, 2, 2, 2, 2]
[3, 3, 3, 3, 3, 3, 4, 4, 4, 6, 6, 6, 6, 6, 6, 6, 6, 6, 6, 6, 6, 6, 6, 4, 4, 4, 3, 3, 3, 3, 3, 3]
[3, 3, 3, 3, 3, 3, 4, 4, 4, 6, 6, 6, 6, 6, 6, 6, 6, 6, 6, 6, 6, 6, 6, 4, 4, 4, 3, 3, 3, 3, 3, 3]
[3, 3, 3, 3, 3, 3, 4, 4, 4, 6, 6, 6, 6, 6, 6, 6, 6, 6, 6, 6, 6, 6, 6, 4, 4, 4, 3, 3, 3, 3, 3, 3]
[4, 4, 4, 4, 4, 4, 6, 6, 6, 8, 8, 8, 8, 8, 8, 8, 8, 8, 8, 8, 8, 8, 8, 6, 6, 6, 4, 4, 4, 4, 4, 4]
[4, 4, 4, 4, 4, 4, 6, 6, 6, 8, 8, 8, 8, 8, 8, 8, 8, 8, 8, 8, 8, 8, 8, 6, 6, 6, 4, 4, 4, 4, 4, 4]
[4, 4, 4, 4, 4, 4, 6, 6, 6, 8, 8, 8, 8, 8, 8, 8, 8, 8, 8, 8, 8, 8, 8, 6, 6, 6, 4, 4, 4, 4, 4, 4]
[4, 4, 4, 4, 4, 4, 6, 6, 6, 8, 8, 8, 8, 8, 8, 8, 8, 8, 8, 8, 8, 8, 8, 6, 6, 6, 4, 4, 4, 4, 4, 4]
[4, 4, 4, 4, 4, 4, 6, 6, 6, 8, 8, 8, 8, 8, 8, 8, 8, 8, 8, 8, 8, 8, 8, 6, 6, 6, 4, 4, 4, 4, 4, 4]
[4, 4, 4, 4, 4, 4, 6, 6, 6, 8, 8, 8, 8, 8, 8, 8, 8, 8, 8, 8, 8, 8, 8, 6, 6, 6, 4, 4, 4, 4, 4, 4]
[4, 4, 4, 4, 4, 4, 6, 6, 6, 8, 8, 8, 8, 8, 8, 8, 8, 8, 8, 8, 8, 8, 8, 6, 6, 6, 4, 4, 4, 4, 4, 4]
[4, 4, 4, 4, 4, 4, 6, 6, 6, 8, 8, 8, 8, 8, 8, 8, 8, 8, 8, 8, 8, 8, 8, 6, 6, 6, 4, 4, 4, 4, 4, 4]
[4, 4, 4, 4, 4, 4, 6, 6, 6, 8, 8, 8, 8, 8, 8, 8, 8, 8, 8, 8, 8, 8, 8, 6, 6, 6, 4, 4, 4, 4, 4, 4]
[4, 4, 4, 4, 4, 4, 6, 6, 6, 8, 8, 8, 8, 8, 8, 8, 8, 8, 8, 8, 8, 8, 8, 6, 6, 6, 4, 4, 4, 4, 4, 4]
[4, 4, 4, 4, 4, 4, 6, 6, 6, 8, 8, 8, 8, 8, 8, 8, 8, 8, 8, 8, 8, 8, 8, 6, 6, 6, 4, 4, 4, 4, 4, 4]
[4, 4, 4, 4, 4, 4, 6, 6, 6, 8, 8, 8, 8, 8, 8, 8, 8, 8, 8, 8, 8, 8, 8, 6, 6, 6, 4, 4, 4, 4, 4, 4]
[4, 4, 4, 4, 4, 4, 6, 6, 6, 8, 8, 8, 8, 8, 8, 8, 8, 8, 8, 8, 8, 8, 8, 6, 6, 6, 4, 4, 4, 4, 4, 4]
[4, 4, 4, 4, 4, 4, 6, 6, 6, 8, 8, 8, 8, 8, 8, 8, 8, 8, 8, 8, 8, 8, 8, 6, 6, 6, 4, 4, 4, 4, 4, 4]
[3, 3, 3, 3, 3, 3, 4, 4, 4, 6, 6, 6, 6, 6, 6, 6, 6, 6, 6, 6, 6, 6, 6, 4, 4, 4, 3, 3, 3, 3, 3, 3]
[3, 3, 3, 3, 3, 3, 4, 4, 4, 6, 6, 6, 6, 6, 6, 6, 6, 6, 6, 6, 6, 6, 6, 4, 4, 4, 3, 3, 3, 3, 3, 3]
[3, 3, 3, 3, 3, 3, 4, 4, 4, 6, 6, 6, 6, 6, 6, 6, 6, 6, 6, 6, 6, 6, 6, 4, 4, 4, 3, 3, 3, 3, 3, 3]
[2, 2, 2, 2, 2, 2, 3, 3, 3, 4, 4, 4, 4, 4, 4, 4, 4, 4, 4, 4, 4, 4, 4, 3, 3, 3, 2, 2, 2, 2, 2, 2]
[2, 2, 2, 2, 2, 2, 3, 3, 3, 4, 4, 4, 4, 4, 4, 4, 4, 4, 4, 4, 4, 4, 4, 3, 3, 3, 2, 2, 2, 2, 2, 2]
[2, 2, 2, 2, 2, 2, 3, 3, 3, 4, 4, 4, 4, 4, 4, 4, 4, 4, 4, 4, 4, 4, 4, 3, 3, 3, 2, 2, 2, 2, 2, 2]
[2, 2, 2, 2, 2, 2, 3, 3, 3, 4, 4, 4, 4, 4, 4, 4, 4, 4, 4, 4, 4, 4, 4, 3, 3, 3, 2, 2, 2, 2, 2, 2]
[2, 2, 2, 2, 2, 2, 3, 3, 3, 4, 4, 4, 4, 4, 4, 4, 4, 4, 4, 4, 4, 4, 4, 3, 3, 3, 2, 2, 2, 2, 2, 2]
[2, 2, 2, 2, 2, 2, 3, 3, 3, 4, 4, 4, 4, 4, 4, 4, 4, 4, 4, 4, 4, 4, 4, 3, 3, 3, 2, 2, 2, 2, 2, 2]
Edges: 2392
Moves: 4784
Max Clique Size: 2
Number of Max Cliques: 2392
Number of Connected Components: 9
Connected Components Spatial Distribution
[ 6, 1, 9, 6, 1, 9, 6, 1, 9, 6, 1, 9, 6, 1, 9, 6, 1, 9, 6, 1, 9, 6, 1, 9, 6, 1, 9, 6, 1, 9, 6, 1]
[ 3, 4, 2, 3, 4, 2, 3, 4, 2, 3, 4, 2, 3, 4, 2, 3, 4, 2, 3, 4, 2, 3, 4, 2, 3, 4, 2, 3, 4, 2, 3, 4]
[ 7, 8, 5, 7, 8, 5, 7, 8, 5, 7, 8, 5, 7, 8, 5, 7, 8, 5, 7, 8, 5, 7, 8, 5, 7, 8, 5, 7, 8, 5, 7, 8]
[ 6, 1, 9, 6, 1, 9, 6, 1, 9, 6, 1, 9, 6, 1, 9, 6, 1, 9, 6, 1, 9, 6, 1, 9, 6, 1, 9, 6, 1, 9, 6, 1]
[ 3, 4, 2, 3, 4, 2, 3, 4, 2, 3, 4, 2, 3, 4, 2, 3, 4, 2, 3, 4, 2, 3, 4, 2, 3, 4, 2, 3, 4, 2, 3, 4]
[ 7, 8, 5, 7, 8, 5, 7, 8, 5, 7, 8, 5, 7, 8, 5, 7, 8, 5, 7, 8, 5, 7, 8, 5, 7, 8, 5, 7, 8, 5, 7, 8]
[ 6, 1, 9, 6, 1, 9, 6, 1, 9, 6, 1, 9, 6, 1, 9, 6, 1, 9, 6, 1, 9, 6, 1, 9, 6, 1, 9, 6, 1, 9, 6, 1]
[ 3, 4, 2, 3, 4, 2, 3, 4, 2, 3, 4, 2, 3, 4, 2, 3, 4, 2, 3, 4, 2, 3, 4, 2, 3, 4, 2, 3, 4, 2, 3, 4]
[ 7, 8, 5, 7, 8, 5, 7, 8, 5, 7, 8, 5, 7, 8, 5, 7, 8, 5, 7, 8, 5, 7, 8, 5, 7, 8, 5, 7, 8, 5, 7, 8]
[ 6, 1, 9, 6, 1, 9, 6, 1, 9, 6, 1, 9, 6, 1, 9, 6, 1, 9, 6, 1, 9, 6, 1, 9, 6, 1, 9, 6, 1, 9, 6, 1]
[ 3, 4, 2, 3, 4, 2, 3, 4, 2, 3, 4, 2, 3, 4, 2, 3, 4, 2, 3, 4, 2, 3, 4, 2, 3, 4, 2, 3, 4, 2, 3, 4]
[ 7, 8, 5, 7, 8, 5, 7, 8, 5, 7, 8, 5, 7, 8, 5, 7, 8, 5, 7, 8, 5, 7, 8, 5, 7, 8, 5, 7, 8, 5, 7, 8]
[ 6, 1, 9, 6, 1, 9, 6, 1, 9, 6, 1, 9, 6, 1, 9, 6, 1, 9, 6, 1, 9, 6, 1, 9, 6, 1, 9, 6, 1, 9, 6, 1]
[ 3, 4, 2, 3, 4, 2, 3, 4, 2, 3, 4, 2, 3, 4, 2, 3, 4, 2, 3, 4, 2, 3, 4, 2, 3, 4, 2, 3, 4, 2, 3, 4]
[ 7, 8, 5, 7, 8, 5, 7, 8, 5, 7, 8, 5, 7, 8, 5, 7, 8, 5, 7, 8, 5, 7, 8, 5, 7, 8, 5, 7, 8, 5, 7, 8]
[ 6, 1, 9, 6, 1, 9, 6, 1, 9, 6, 1, 9, 6, 1, 9, 6, 1, 9, 6, 1, 9, 6, 1, 9, 6, 1, 9, 6, 1, 9, 6, 1]
[ 3, 4, 2, 3, 4, 2, 3, 4, 2, 3, 4, 2, 3, 4, 2, 3, 4, 2, 3, 4, 2, 3, 4, 2, 3, 4, 2, 3, 4, 2, 3, 4]
[ 7, 8, 5, 7, 8, 5, 7, 8, 5, 7, 8, 5, 7, 8, 5, 7, 8, 5, 7, 8, 5, 7, 8, 5, 7, 8, 5, 7, 8, 5, 7, 8]
[ 6, 1, 9, 6, 1, 9, 6, 1, 9, 6, 1, 9, 6, 1, 9, 6, 1, 9, 6, 1, 9, 6, 1, 9, 6, 1, 9, 6, 1, 9, 6, 1]
[ 3, 4, 2, 3, 4, 2, 3, 4, 2, 3, 4, 2, 3, 4, 2, 3, 4, 2, 3, 4, 2, 3, 4, 2, 3, 4, 2, 3, 4, 2, 3, 4]
[ 7, 8, 5, 7, 8, 5, 7, 8, 5, 7, 8, 5, 7, 8, 5, 7, 8, 5, 7, 8, 5, 7, 8, 5, 7, 8, 5, 7, 8, 5, 7, 8]
[ 6, 1, 9, 6, 1, 9, 6, 1, 9, 6, 1, 9, 6, 1, 9, 6, 1, 9, 6, 1, 9, 6, 1, 9, 6, 1, 9, 6, 1, 9, 6, 1]
[ 3, 4, 2, 3, 4, 2, 3, 4, 2, 3, 4, 2, 3, 4, 2, 3, 4, 2, 3, 4, 2, 3, 4, 2, 3, 4, 2, 3, 4, 2, 3, 4]
[ 7, 8, 5, 7, 8, 5, 7, 8, 5, 7, 8, 5, 7, 8, 5, 7, 8, 5, 7, 8, 5, 7, 8, 5, 7, 8, 5, 7, 8, 5, 7, 8]
[ 6, 1, 9, 6, 1, 9, 6, 1, 9, 6, 1, 9, 6, 1, 9, 6, 1, 9, 6, 1, 9, 6, 1, 9, 6, 1, 9, 6, 1, 9, 6, 1]
[ 3, 4, 2, 3, 4, 2, 3, 4, 2, 3, 4, 2, 3, 4, 2, 3, 4, 2, 3, 4, 2, 3, 4, 2, 3, 4, 2, 3, 4, 2, 3, 4]
[ 7, 8, 5, 7, 8, 5, 7, 8, 5, 7, 8, 5, 7, 8, 5, 7, 8, 5, 7, 8, 5, 7, 8, 5, 7, 8, 5, 7, 8, 5, 7, 8]
[ 6, 1, 9, 6, 1, 9, 6, 1, 9, 6, 1, 9, 6, 1, 9, 6, 1, 9, 6, 1, 9, 6, 1, 9, 6, 1, 9, 6, 1, 9, 6, 1]
[ 3, 4, 2, 3, 4, 2, 3, 4, 2, 3, 4, 2, 3, 4, 2, 3, 4, 2, 3, 4, 2, 3, 4, 2, 3, 4, 2, 3, 4, 2, 3, 4]
[ 7, 8, 5, 7, 8, 5, 7, 8, 5, 7, 8, 5, 7, 8, 5, 7, 8, 5, 7, 8, 5, 7, 8, 5, 7, 8, 5, 7, 8, 5, 7, 8]
[ 6, 1, 9, 6, 1, 9, 6, 1, 9, 6, 1, 9, 6, 1, 9, 6, 1, 9, 6, 1, 9, 6, 1, 9, 6, 1, 9, 6, 1, 9, 6, 1]
[ 3, 4, 2, 3, 4, 2, 3, 4, 2, 3, 4, 2, 3, 4, 2, 3, 4, 2, 3, 4, 2, 3, 4, 2, 3, 4, 2, 3, 4, 2, 3, 4]
