[d, p, q] = [16, 4, 12]
0,0,64,256,384,0,256,0,64
Degree Spatial distribution
[2, 2, 2, 2, 3, 3, 3, 3, 3, 3, 3, 3, 4, 4, 4, 4, 4, 4, 4, 4, 3, 3, 3, 3, 3, 3, 3, 3, 2, 2, 2, 2]
[2, 2, 2, 2, 3, 3, 3, 3, 3, 3, 3, 3, 4, 4, 4, 4, 4, 4, 4, 4, 3, 3, 3, 3, 3, 3, 3, 3, 2, 2, 2, 2]
[2, 2, 2, 2, 3, 3, 3, 3, 3, 3, 3, 3, 4, 4, 4, 4, 4, 4, 4, 4, 3, 3, 3, 3, 3, 3, 3, 3, 2, 2, 2, 2]
[2, 2, 2, 2, 3, 3, 3, 3, 3, 3, 3, 3, 4, 4, 4, 4, 4, 4, 4, 4, 3, 3, 3, 3, 3, 3, 3, 3, 2, 2, 2, 2]
[3, 3, 3, 3, 4, 4, 4, 4, 4, 4, 4, 4, 6, 6, 6, 6, 6, 6, 6, 6, 4, 4, 4, 4, 4, 4, 4, 4, 3, 3, 3, 3]
[3, 3, 3, 3, 4, 4, 4, 4, 4, 4, 4, 4, 6, 6, 6, 6, 6, 6, 6, 6, 4, 4, 4, 4, 4, 4, 4, 4, 3, 3, 3, 3]
[3, 3, 3, 3, 4, 4, 4, 4, 4, 4, 4, 4, 6, 6, 6, 6, 6, 6, 6, 6, 4, 4, 4, 4, 4, 4, 4, 4, 3, 3, 3, 3]
[3, 3, 3, 3, 4, 4, 4, 4, 4, 4, 4, 4, 6, 6, 6, 6, 6, 6, 6, 6, 4, 4, 4, 4, 4, 4, 4, 4, 3, 3, 3, 3]
[3, 3, 3, 3, 4, 4, 4, 4, 4, 4, 4, 4, 6, 6, 6, 6, 6, 6, 6, 6, 4, 4, 4, 4, 4, 4, 4, 4, 3, 3, 3, 3]
[3, 3, 3, 3, 4, 4, 4, 4, 4, 4, 4, 4, 6, 6, 6, 6, 6, 6, 6, 6, 4, 4, 4, 4, 4, 4, 4, 4, 3, 3, 3, 3]
[3, 3, 3, 3, 4, 4, 4, 4, 4, 4, 4, 4, 6, 6, 6, 6, 6, 6, 6, 6, 4, 4, 4, 4, 4, 4, 4, 4, 3, 3, 3, 3]
[3, 3, 3, 3, 4, 4, 4, 4, 4, 4, 4, 4, 6, 6, 6, 6, 6, 6, 6, 6, 4, 4, 4, 4, 4, 4, 4, 4, 3, 3, 3, 3]
[4, 4, 4, 4, 6, 6, 6, 6, 6, 6, 6, 6, 8, 8, 8, 8, 8, 8, 8, 8, 6, 6, 6, 6, 6, 6, 6, 6, 4, 4, 4, 4]
[4, 4, 4, 4, 6, 6, 6, 6, 6, 6, 6, 6, 8, 8, 8, 8, 8, 8, 8, 8, 6, 6, 6, 6, 6, 6, 6, 6, 4, 4, 4, 4]
[4, 4, 4, 4, 6, 6, 6, 6, 6, 6, 6, 6, 8, 8, 8, 8, 8, 8, 8, 8, 6, 6, 6, 6, 6, 6, 6, 6, 4, 4, 4, 4]
[4, 4, 4, 4, 6, 6, 6, 6, 6, 6, 6, 6, 8, 8, 8, 8, 8, 8, 8, 8, 6, 6, 6, 6, 6, 6, 6, 6, 4, 4, 4, 4]
[4, 4, 4, 4, 6, 6, 6, 6, 6, 6, 6, 6, 8, 8, 8, 8, 8, 8, 8, 8, 6, 6, 6, 6, 6, 6, 6, 6, 4, 4, 4, 4]
[4, 4, 4, 4, 6, 6, 6, 6, 6, 6, 6, 6, 8, 8, 8, 8, 8, 8, 8, 8, 6, 6, 6, 6, 6, 6, 6, 6, 4, 4, 4, 4]
[4, 4, 4, 4, 6, 6, 6, 6, 6, 6, 6, 6, 8, 8, 8, 8, 8, 8, 8, 8, 6, 6, 6, 6, 6, 6, 6, 6, 4, 4, 4, 4]
[4, 4, 4, 4, 6, 6, 6, 6, 6, 6, 6, 6, 8, 8, 8, 8, 8, 8, 8, 8, 6, 6, 6, 6, 6, 6, 6, 6, 4, 4, 4, 4]
[3, 3, 3, 3, 4, 4, 4, 4, 4, 4, 4, 4, 6, 6, 6, 6, 6, 6, 6, 6, 4, 4, 4, 4, 4, 4, 4, 4, 3, 3, 3, 3]
[3, 3, 3, 3, 4, 4, 4, 4, 4, 4, 4, 4, 6, 6, 6, 6, 6, 6, 6, 6, 4, 4, 4, 4, 4, 4, 4, 4, 3, 3, 3, 3]
[3, 3, 3, 3, 4, 4, 4, 4, 4, 4, 4, 4, 6, 6, 6, 6, 6, 6, 6, 6, 4, 4, 4, 4, 4, 4, 4, 4, 3, 3, 3, 3]
[3, 3, 3, 3, 4, 4, 4, 4, 4, 4, 4, 4, 6, 6, 6, 6, 6, 6, 6, 6, 4, 4, 4, 4, 4, 4, 4, 4, 3, 3, 3, 3]
[3, 3, 3, 3, 4, 4, 4, 4, 4, 4, 4, 4, 6, 6, 6, 6, 6, 6, 6, 6, 4, 4, 4, 4, 4, 4, 4, 4, 3, 3, 3, 3]
[3, 3, 3, 3, 4, 4, 4, 4, 4, 4, 4, 4, 6, 6, 6, 6, 6, 6, 6, 6, 4, 4, 4, 4, 4, 4, 4, 4, 3, 3, 3, 3]
[3, 3, 3, 3, 4, 4, 4, 4, 4, 4, 4, 4, 6, 6, 6, 6, 6, 6, 6, 6, 4, 4, 4, 4, 4, 4, 4, 4, 3, 3, 3, 3]
[3, 3, 3, 3, 4, 4, 4, 4, 4, 4, 4, 4, 6, 6, 6, 6, 6, 6, 6, 6, 4, 4, 4, 4, 4, 4, 4, 4, 3, 3, 3, 3]
[2, 2, 2, 2, 3, 3, 3, 3, 3, 3, 3, 3, 4, 4, 4, 4, 4, 4, 4, 4, 3, 3, 3, 3, 3, 3, 3, 3, 2, 2, 2, 2]
[2, 2, 2, 2, 3, 3, 3, 3, 3, 3, 3, 3, 4, 4, 4, 4, 4, 4, 4, 4, 3, 3, 3, 3, 3, 3, 3, 3, 2, 2, 2, 2]
[2, 2, 2, 2, 3, 3, 3, 3, 3, 3, 3, 3, 4, 4, 4, 4, 4, 4, 4, 4, 3, 3, 3, 3, 3, 3, 3, 3, 2, 2, 2, 2]
[2, 2, 2, 2, 3, 3, 3, 3, 3, 3, 3, 3, 4, 4, 4, 4, 4, 4, 4, 4, 3, 3, 3, 3, 3, 3, 3, 3, 2, 2, 2, 2]
Edges: 2240
Moves: 4480
Max Clique Size: 2
Number of Max Cliques: 2240
Number of Connected Components: 32
Connected Components Spatial Distribution
[25, 7, 6,19,27, 9,20, 8,25, 7, 6,19,27, 9,20, 8,25, 7, 6,19,27, 9,20, 8,25, 7, 6,19,27, 9,20, 8]
[ 5,28,32,22, 4,21,17,10, 5,28,32,22, 4,21,17,10, 5,28,32,22, 4,21,17,10, 5,28,32,22, 4,21,17,10]
[26,15,23, 2,16,31,29,14,26,15,23, 2,16,31,29,14,26,15,23, 2,16,31,29,14,26,15,23, 2,16,31,29,14]
[12, 3,13,24,30,18,11, 1,12, 3,13,24,30,18,11, 1,12, 3,13,24,30,18,11, 1,12, 3,13,24,30,18,11, 1]
[27, 9,20, 8,25, 7, 6,19,27, 9,20, 8,25, 7, 6,19,27, 9,20, 8,25, 7, 6,19,27, 9,20, 8,25, 7, 6,19]
[ 4,21,17,10, 5,28,32,22, 4,21,17,10, 5,28,32,22, 4,21,17,10, 5,28,32,22, 4,21,17,10, 5,28,32,22]
[16,31,29,14,26,15,23, 2,16,31,29,14,26,15,23, 2,16,31,29,14,26,15,23, 2,16,31,29,14,26,15,23, 2]
[30,18,11, 1,12, 3,13,24,30,18,11, 1,12, 3,13,24,30,18,11, 1,12, 3,13,24,30,18,11, 1,12, 3,13,24]
[25, 7, 6,19,27, 9,20, 8,25, 7, 6,19,27, 9,20, 8,25, 7, 6,19,27, 9,20, 8,25, 7, 6,19,27, 9,20, 8]
[ 5,28,32,22, 4,21,17,10, 5,28,32,22, 4,21,17,10, 5,28,32,22, 4,21,17,10, 5,28,32,22, 4,21,17,10]
[26,15,23, 2,16,31,29,14,26,15,23, 2,16,31,29,14,26,15,23, 2,16,31,29,14,26,15,23, 2,16,31,29,14]
[12, 3,13,24,30,18,11, 1,12, 3,13,24,30,18,11, 1,12, 3,13,24,30,18,11, 1,12, 3,13,24,30,18,11, 1]
[27, 9,20, 8,25, 7, 6,19,27, 9,20, 8,25, 7, 6,19,27, 9,20, 8,25, 7, 6,19,27, 9,20, 8,25, 7, 6,19]
[ 4,21,17,10, 5,28,32,22, 4,21,17,10, 5,28,32,22, 4,21,17,10, 5,28,32,22, 4,21,17,10, 5,28,32,22]
[16,31,29,14,26,15,23, 2,16,31,29,14,26,15,23, 2,16,31,29,14,26,15,23, 2,16,31,29,14,26,15,23, 2]
[30,18,11, 1,12, 3,13,24,30,18,11, 1,12, 3,13,24,30,18,11, 1,12, 3,13,24,30,18,11, 1,12, 3,13,24]
[25, 7, 6,19,27, 9,20, 8,25, 7, 6,19,27, 9,20, 8,25, 7, 6,19,27, 9,20, 8,25, 7, 6,19,27, 9,20, 8]
[ 5,28,32,22, 4,21,17,10, 5,28,32,22, 4,21,17,10, 5,28,32,22, 4,21,17,10, 5,28,32,22, 4,21,17,10]
[26,15,23, 2,16,31,29,14,26,15,23, 2,16,31,29,14,26,15,23, 2,16,31,29,14,26,15,23, 2,16,31,29,14]
[12, 3,13,24,30,18,11, 1,12, 3,13,24,30,18,11, 1,12, 3,13,24,30,18,11, 1,12, 3,13,24,30,18,11, 1]
[27, 9,20, 8,25, 7, 6,19,27, 9,20, 8,25, 7, 6,19,27, 9,20, 8,25, 7, 6,19,27, 9,20, 8,25, 7, 6,19]
[ 4,21,17,10, 5,28,32,22, 4,21,17,10, 5,28,32,22, 4,21,17,10, 5,28,32,22, 4,21,17,10, 5,28,32,22]
[16,31,29,14,26,15,23, 2,16,31,29,14,26,15,23, 2,16,31,29,14,26,15,23, 2,16,31,29,14,26,15,23, 2]
[30,18,11, 1,12, 3,13,24,30,18,11, 1,12, 3,13,24,30,18,11, 1,12, 3,13,24,30,18,11, 1,12, 3,13,24]
[25, 7, 6,19,27, 9,20, 8,25, 7, 6,19,27, 9,20, 8,25, 7, 6,19,27, 9,20, 8,25, 7, 6,19,27, 9,20, 8]
[ 5,28,32,22, 4,21,17,10, 5,28,32,22, 4,21,17,10, 5,28,32,22, 4,21,17,10, 5,28,32,22, 4,21,17,10]
[26,15,23, 2,16,31,29,14,26,15,23, 2,16,31,29,14,26,15,23, 2,16,31,29,14,26,15,23, 2,16,31,29,14]
[12, 3,13,24,30,18,11, 1,12, 3,13,24,30,18,11, 1,12, 3,13,24,30,18,11, 1,12, 3,13,24,30,18,11, 1]
[27, 9,20, 8,25, 7, 6,19,27, 9,20, 8,25, 7, 6,19,27, 9,20, 8,25, 7, 6,19,27, 9,20, 8,25, 7, 6,19]
[ 4,21,17,10, 5,28,32,22, 4,21,17,10, 5,28,32,22, 4,21,17,10, 5,28,32,22, 4,21,17,10, 5,28,32,22]
[16,31,29,14,26,15,23, 2,16,31,29,14,26,15,23, 2,16,31,29,14,26,15,23, 2,16,31,29,14,26,15,23, 2]
[30,18,11, 1,12, 3,13,24,30,18,11, 1,12, 3,13,24,30,18,11, 1,12, 3,13,24,30,18,11, 1,12, 3,13,24]
