[d, p, q] = [18, 6, 12]
0,0,144,288,336,0,192,0,64
Degree Spatial distribution
[2, 2, 2, 2, 2, 2, 3, 3, 3, 3, 3, 3, 4, 4, 4, 4, 4, 4, 4, 4, 3, 3, 3, 3, 3, 3, 2, 2, 2, 2, 2, 2]
[2, 2, 2, 2, 2, 2, 3, 3, 3, 3, 3, 3, 4, 4, 4, 4, 4, 4, 4, 4, 3, 3, 3, 3, 3, 3, 2, 2, 2, 2, 2, 2]
[2, 2, 2, 2, 2, 2, 3, 3, 3, 3, 3, 3, 4, 4, 4, 4, 4, 4, 4, 4, 3, 3, 3, 3, 3, 3, 2, 2, 2, 2, 2, 2]
[2, 2, 2, 2, 2, 2, 3, 3, 3, 3, 3, 3, 4, 4, 4, 4, 4, 4, 4, 4, 3, 3, 3, 3, 3, 3, 2, 2, 2, 2, 2, 2]
[2, 2, 2, 2, 2, 2, 3, 3, 3, 3, 3, 3, 4, 4, 4, 4, 4, 4, 4, 4, 3, 3, 3, 3, 3, 3, 2, 2, 2, 2, 2, 2]
[2, 2, 2, 2, 2, 2, 3, 3, 3, 3, 3, 3, 4, 4, 4, 4, 4, 4, 4, 4, 3, 3, 3, 3, 3, 3, 2, 2, 2, 2, 2, 2]
[3, 3, 3, 3, 3, 3, 4, 4, 4, 4, 4, 4, 6, 6, 6, 6, 6, 6, 6, 6, 4, 4, 4, 4, 4, 4, 3, 3, 3, 3, 3, 3]
[3, 3, 3, 3, 3, 3, 4, 4, 4, 4, 4, 4, 6, 6, 6, 6, 6, 6, 6, 6, 4, 4, 4, 4, 4, 4, 3, 3, 3, 3, 3, 3]
[3, 3, 3, 3, 3, 3, 4, 4, 4, 4, 4, 4, 6, 6, 6, 6, 6, 6, 6, 6, 4, 4, 4, 4, 4, 4, 3, 3, 3, 3, 3, 3]
[3, 3, 3, 3, 3, 3, 4, 4, 4, 4, 4, 4, 6, 6, 6, 6, 6, 6, 6, 6, 4, 4, 4, 4, 4, 4, 3, 3, 3, 3, 3, 3]
[3, 3, 3, 3, 3, 3, 4, 4, 4, 4, 4, 4, 6, 6, 6, 6, 6, 6, 6, 6, 4, 4, 4, 4, 4, 4, 3, 3, 3, 3, 3, 3]
[3, 3, 3, 3, 3, 3, 4, 4, 4, 4, 4, 4, 6, 6, 6, 6, 6, 6, 6, 6, 4, 4, 4, 4, 4, 4, 3, 3, 3, 3, 3, 3]
[4, 4, 4, 4, 4, 4, 6, 6, 6, 6, 6, 6, 8, 8, 8, 8, 8, 8, 8, 8, 6, 6, 6, 6, 6, 6, 4, 4, 4, 4, 4, 4]
[4, 4, 4, 4, 4, 4, 6, 6, 6, 6, 6, 6, 8, 8, 8, 8, 8, 8, 8, 8, 6, 6, 6, 6, 6, 6, 4, 4, 4, 4, 4, 4]
[4, 4, 4, 4, 4, 4, 6, 6, 6, 6, 6, 6, 8, 8, 8, 8, 8, 8, 8, 8, 6, 6, 6, 6, 6, 6, 4, 4, 4, 4, 4, 4]
[4, 4, 4, 4, 4, 4, 6, 6, 6, 6, 6, 6, 8, 8, 8, 8, 8, 8, 8, 8, 6, 6, 6, 6, 6, 6, 4, 4, 4, 4, 4, 4]
[4, 4, 4, 4, 4, 4, 6, 6, 6, 6, 6, 6, 8, 8, 8, 8, 8, 8, 8, 8, 6, 6, 6, 6, 6, 6, 4, 4, 4, 4, 4, 4]
[4, 4, 4, 4, 4, 4, 6, 6, 6, 6, 6, 6, 8, 8, 8, 8, 8, 8, 8, 8, 6, 6, 6, 6, 6, 6, 4, 4, 4, 4, 4, 4]
[4, 4, 4, 4, 4, 4, 6, 6, 6, 6, 6, 6, 8, 8, 8, 8, 8, 8, 8, 8, 6, 6, 6, 6, 6, 6, 4, 4, 4, 4, 4, 4]
[4, 4, 4, 4, 4, 4, 6, 6, 6, 6, 6, 6, 8, 8, 8, 8, 8, 8, 8, 8, 6, 6, 6, 6, 6, 6, 4, 4, 4, 4, 4, 4]
[3, 3, 3, 3, 3, 3, 4, 4, 4, 4, 4, 4, 6, 6, 6, 6, 6, 6, 6, 6, 4, 4, 4, 4, 4, 4, 3, 3, 3, 3, 3, 3]
[3, 3, 3, 3, 3, 3, 4, 4, 4, 4, 4, 4, 6, 6, 6, 6, 6, 6, 6, 6, 4, 4, 4, 4, 4, 4, 3, 3, 3, 3, 3, 3]
[3, 3, 3, 3, 3, 3, 4, 4, 4, 4, 4, 4, 6, 6, 6, 6, 6, 6, 6, 6, 4, 4, 4, 4, 4, 4, 3, 3, 3, 3, 3, 3]
[3, 3, 3, 3, 3, 3, 4, 4, 4, 4, 4, 4, 6, 6, 6, 6, 6, 6, 6, 6, 4, 4, 4, 4, 4, 4, 3, 3, 3, 3, 3, 3]
[3, 3, 3, 3, 3, 3, 4, 4, 4, 4, 4, 4, 6, 6, 6, 6, 6, 6, 6, 6, 4, 4, 4, 4, 4, 4, 3, 3, 3, 3, 3, 3]
[3, 3, 3, 3, 3, 3, 4, 4, 4, 4, 4, 4, 6, 6, 6, 6, 6, 6, 6, 6, 4, 4, 4, 4, 4, 4, 3, 3, 3, 3, 3, 3]
[2, 2, 2, 2, 2, 2, 3, 3, 3, 3, 3, 3, 4, 4, 4, 4, 4, 4, 4, 4, 3, 3, 3, 3, 3, 3, 2, 2, 2, 2, 2, 2]
[2, 2, 2, 2, 2, 2, 3, 3, 3, 3, 3, 3, 4, 4, 4, 4, 4, 4, 4, 4, 3, 3, 3, 3, 3, 3, 2, 2, 2, 2, 2, 2]
[2, 2, 2, 2, 2, 2, 3, 3, 3, 3, 3, 3, 4, 4, 4, 4, 4, 4, 4, 4, 3, 3, 3, 3, 3, 3, 2, 2, 2, 2, 2, 2]
[2, 2, 2, 2, 2, 2, 3, 3, 3, 3, 3, 3, 4, 4, 4, 4, 4, 4, 4, 4, 3, 3, 3, 3, 3, 3, 2, 2, 2, 2, 2, 2]
[2, 2, 2, 2, 2, 2, 3, 3, 3, 3, 3, 3, 4, 4, 4, 4, 4, 4, 4, 4, 3, 3, 3, 3, 3, 3, 2, 2, 2, 2, 2, 2]
[2, 2, 2, 2, 2, 2, 3, 3, 3, 3, 3, 3, 4, 4, 4, 4, 4, 4, 4, 4, 3, 3, 3, 3, 3, 3, 2, 2, 2, 2, 2, 2]
Edges: 2080
Moves: 4160
Max Clique Size: 2
Number of Max Cliques: 2080
Number of Connected Components: 36
Connected Components Spatial Distribution
[35, 2,20,13,27,26,35, 2,20,13,27,26,35, 2,20,13,27,26,35, 2,20,13,27,26,35, 2,20,13,27,26,35, 2]
[12,10, 4,23,11, 3,12,10, 4,23,11, 3,12,10, 4,23,11, 3,12,10, 4,23,11, 3,12,10, 4,23,11, 3,12,10]
[17,18,28,22,31, 9,17,18,28,22,31, 9,17,18,28,22,31, 9,17,18,28,22,31, 9,17,18,28,22,31, 9,17,18]
[32, 1,19,29, 5,30,32, 1,19,29, 5,30,32, 1,19,29, 5,30,32, 1,19,29, 5,30,32, 1,19,29, 5,30,32, 1]
[ 6, 8,34, 7,25,15, 6, 8,34, 7,25,15, 6, 8,34, 7,25,15, 6, 8,34, 7,25,15, 6, 8,34, 7,25,15, 6, 8]
[16,36,14,33,24,21,16,36,14,33,24,21,16,36,14,33,24,21,16,36,14,33,24,21,16,36,14,33,24,21,16,36]
[35, 2,20,13,27,26,35, 2,20,13,27,26,35, 2,20,13,27,26,35, 2,20,13,27,26,35, 2,20,13,27,26,35, 2]
[12,10, 4,23,11, 3,12,10, 4,23,11, 3,12,10, 4,23,11, 3,12,10, 4,23,11, 3,12,10, 4,23,11, 3,12,10]
[17,18,28,22,31, 9,17,18,28,22,31, 9,17,18,28,22,31, 9,17,18,28,22,31, 9,17,18,28,22,31, 9,17,18]
[32, 1,19,29, 5,30,32, 1,19,29, 5,30,32, 1,19,29, 5,30,32, 1,19,29, 5,30,32, 1,19,29, 5,30,32, 1]
[ 6, 8,34, 7,25,15, 6, 8,34, 7,25,15, 6, 8,34, 7,25,15, 6, 8,34, 7,25,15, 6, 8,34, 7,25,15, 6, 8]
[16,36,14,33,24,21,16,36,14,33,24,21,16,36,14,33,24,21,16,36,14,33,24,21,16,36,14,33,24,21,16,36]
[35, 2,20,13,27,26,35, 2,20,13,27,26,35, 2,20,13,27,26,35, 2,20,13,27,26,35, 2,20,13,27,26,35, 2]
[12,10, 4,23,11, 3,12,10, 4,23,11, 3,12,10, 4,23,11, 3,12,10, 4,23,11, 3,12,10, 4,23,11, 3,12,10]
[17,18,28,22,31, 9,17,18,28,22,31, 9,17,18,28,22,31, 9,17,18,28,22,31, 9,17,18,28,22,31, 9,17,18]
[32, 1,19,29, 5,30,32, 1,19,29, 5,30,32, 1,19,29, 5,30,32, 1,19,29, 5,30,32, 1,19,29, 5,30,32, 1]
[ 6, 8,34, 7,25,15, 6, 8,34, 7,25,15, 6, 8,34, 7,25,15, 6, 8,34, 7,25,15, 6, 8,34, 7,25,15, 6, 8]
[16,36,14,33,24,21,16,36,14,33,24,21,16,36,14,33,24,21,16,36,14,33,24,21,16,36,14,33,24,21,16,36]
[35, 2,20,13,27,26,35, 2,20,13,27,26,35, 2,20,13,27,26,35, 2,20,13,27,26,35, 2,20,13,27,26,35, 2]
[12,10, 4,23,11, 3,12,10, 4,23,11, 3,12,10, 4,23,11, 3,12,10, 4,23,11, 3,12,10, 4,23,11, 3,12,10]
[17,18,28,22,31, 9,17,18,28,22,31, 9,17,18,28,22,31, 9,17,18,28,22,31, 9,17,18,28,22,31, 9,17,18]
[32, 1,19,29, 5,30,32, 1,19,29, 5,30,32, 1,19,29, 5,30,32, 1,19,29, 5,30,32, 1,19,29, 5,30,32, 1]
[ 6, 8,34, 7,25,15, 6, 8,34, 7,25,15, 6, 8,34, 7,25,15, 6, 8,34, 7,25,15, 6, 8,34, 7,25,15, 6, 8]
[16,36,14,33,24,21,16,36,14,33,24,21,16,36,14,33,24,21,16,36,14,33,24,21,16,36,14,33,24,21,16,36]
[35, 2,20,13,27,26,35, 2,20,13,27,26,35, 2,20,13,27,26,35, 2,20,13,27,26,35, 2,20,13,27,26,35, 2]
[12,10, 4,23,11, 3,12,10, 4,23,11, 3,12,10, 4,23,11, 3,12,10, 4,23,11, 3,12,10, 4,23,11, 3,12,10]
[17,18,28,22,31, 9,17,18,28,22,31, 9,17,18,28,22,31, 9,17,18,28,22,31, 9,17,18,28,22,31, 9,17,18]
[32, 1,19,29, 5,30,32, 1,19,29, 5,30,32, 1,19,29, 5,30,32, 1,19,29, 5,30,32, 1,19,29, 5,30,32, 1]
[ 6, 8,34, 7,25,15, 6, 8,34, 7,25,15, 6, 8,34, 7,25,15, 6, 8,34, 7,25,15, 6, 8,34, 7,25,15, 6, 8]
[16,36,14,33,24,21,16,36,14,33,24,21,16,36,14,33,24,21,16,36,14,33,24,21,16,36,14,33,24,21,16,36]
[35, 2,20,13,27,26,35, 2,20,13,27,26,35, 2,20,13,27,26,35, 2,20,13,27,26,35, 2,20,13,27,26,35, 2]
[12,10, 4,23,11, 3,12,10, 4,23,11, 3,12,10, 4,23,11, 3,12,10, 4,23,11, 3,12,10, 4,23,11, 3,12,10]
