[d, p, q] = [20, 2, 18]
16,0,240,192,576
Degree Spatial distribution
[2, 2, 3, 3, 3, 3, 3, 3, 3, 3, 3, 3, 3, 3, 2, 2, 2, 2, 3, 3, 3, 3, 3, 3, 3, 3, 3, 3, 3, 3, 2, 2]
[2, 2, 3, 3, 3, 3, 3, 3, 3, 3, 3, 3, 3, 3, 2, 2, 2, 2, 3, 3, 3, 3, 3, 3, 3, 3, 3, 3, 3, 3, 2, 2]
[3, 3, 4, 4, 4, 4, 4, 4, 4, 4, 4, 4, 4, 4, 2, 2, 2, 2, 4, 4, 4, 4, 4, 4, 4, 4, 4, 4, 4, 4, 3, 3]
[3, 3, 4, 4, 4, 4, 4, 4, 4, 4, 4, 4, 4, 4, 2, 2, 2, 2, 4, 4, 4, 4, 4, 4, 4, 4, 4, 4, 4, 4, 3, 3]
[3, 3, 4, 4, 4, 4, 4, 4, 4, 4, 4, 4, 4, 4, 2, 2, 2, 2, 4, 4, 4, 4, 4, 4, 4, 4, 4, 4, 4, 4, 3, 3]
[3, 3, 4, 4, 4, 4, 4, 4, 4, 4, 4, 4, 4, 4, 2, 2, 2, 2, 4, 4, 4, 4, 4, 4, 4, 4, 4, 4, 4, 4, 3, 3]
[3, 3, 4, 4, 4, 4, 4, 4, 4, 4, 4, 4, 4, 4, 2, 2, 2, 2, 4, 4, 4, 4, 4, 4, 4, 4, 4, 4, 4, 4, 3, 3]
[3, 3, 4, 4, 4, 4, 4, 4, 4, 4, 4, 4, 4, 4, 2, 2, 2, 2, 4, 4, 4, 4, 4, 4, 4, 4, 4, 4, 4, 4, 3, 3]
[3, 3, 4, 4, 4, 4, 4, 4, 4, 4, 4, 4, 4, 4, 2, 2, 2, 2, 4, 4, 4, 4, 4, 4, 4, 4, 4, 4, 4, 4, 3, 3]
[3, 3, 4, 4, 4, 4, 4, 4, 4, 4, 4, 4, 4, 4, 2, 2, 2, 2, 4, 4, 4, 4, 4, 4, 4, 4, 4, 4, 4, 4, 3, 3]
[3, 3, 4, 4, 4, 4, 4, 4, 4, 4, 4, 4, 4, 4, 2, 2, 2, 2, 4, 4, 4, 4, 4, 4, 4, 4, 4, 4, 4, 4, 3, 3]
[3, 3, 4, 4, 4, 4, 4, 4, 4, 4, 4, 4, 4, 4, 2, 2, 2, 2, 4, 4, 4, 4, 4, 4, 4, 4, 4, 4, 4, 4, 3, 3]
[3, 3, 4, 4, 4, 4, 4, 4, 4, 4, 4, 4, 4, 4, 2, 2, 2, 2, 4, 4, 4, 4, 4, 4, 4, 4, 4, 4, 4, 4, 3, 3]
[3, 3, 4, 4, 4, 4, 4, 4, 4, 4, 4, 4, 4, 4, 2, 2, 2, 2, 4, 4, 4, 4, 4, 4, 4, 4, 4, 4, 4, 4, 3, 3]
[2, 2, 2, 2, 2, 2, 2, 2, 2, 2, 2, 2, 2, 2, 0, 0, 0, 0, 2, 2, 2, 2, 2, 2, 2, 2, 2, 2, 2, 2, 2, 2]
[2, 2, 2, 2, 2, 2, 2, 2, 2, 2, 2, 2, 2, 2, 0, 0, 0, 0, 2, 2, 2, 2, 2, 2, 2, 2, 2, 2, 2, 2, 2, 2]
[2, 2, 2, 2, 2, 2, 2, 2, 2, 2, 2, 2, 2, 2, 0, 0, 0, 0, 2, 2, 2, 2, 2, 2, 2, 2, 2, 2, 2, 2, 2, 2]
[2, 2, 2, 2, 2, 2, 2, 2, 2, 2, 2, 2, 2, 2, 0, 0, 0, 0, 2, 2, 2, 2, 2, 2, 2, 2, 2, 2, 2, 2, 2, 2]
[3, 3, 4, 4, 4, 4, 4, 4, 4, 4, 4, 4, 4, 4, 2, 2, 2, 2, 4, 4, 4, 4, 4, 4, 4, 4, 4, 4, 4, 4, 3, 3]
[3, 3, 4, 4, 4, 4, 4, 4, 4, 4, 4, 4, 4, 4, 2, 2, 2, 2, 4, 4, 4, 4, 4, 4, 4, 4, 4, 4, 4, 4, 3, 3]
[3, 3, 4, 4, 4, 4, 4, 4, 4, 4, 4, 4, 4, 4, 2, 2, 2, 2, 4, 4, 4, 4, 4, 4, 4, 4, 4, 4, 4, 4, 3, 3]
[3, 3, 4, 4, 4, 4, 4, 4, 4, 4, 4, 4, 4, 4, 2, 2, 2, 2, 4, 4, 4, 4, 4, 4, 4, 4, 4, 4, 4, 4, 3, 3]
[3, 3, 4, 4, 4, 4, 4, 4, 4, 4, 4, 4, 4, 4, 2, 2, 2, 2, 4, 4, 4, 4, 4, 4, 4, 4, 4, 4, 4, 4, 3, 3]
[3, 3, 4, 4, 4, 4, 4, 4, 4, 4, 4, 4, 4, 4, 2, 2, 2, 2, 4, 4, 4, 4, 4, 4, 4, 4, 4, 4, 4, 4, 3, 3]
[3, 3, 4, 4, 4, 4, 4, 4, 4, 4, 4, 4, 4, 4, 2, 2, 2, 2, 4, 4, 4, 4, 4, 4, 4, 4, 4, 4, 4, 4, 3, 3]
[3, 3, 4, 4, 4, 4, 4, 4, 4, 4, 4, 4, 4, 4, 2, 2, 2, 2, 4, 4, 4, 4, 4, 4, 4, 4, 4, 4, 4, 4, 3, 3]
[3, 3, 4, 4, 4, 4, 4, 4, 4, 4, 4, 4, 4, 4, 2, 2, 2, 2, 4, 4, 4, 4, 4, 4, 4, 4, 4, 4, 4, 4, 3, 3]
[3, 3, 4, 4, 4, 4, 4, 4, 4, 4, 4, 4, 4, 4, 2, 2, 2, 2, 4, 4, 4, 4, 4, 4, 4, 4, 4, 4, 4, 4, 3, 3]
[3, 3, 4, 4, 4, 4, 4, 4, 4, 4, 4, 4, 4, 4, 2, 2, 2, 2, 4, 4, 4, 4, 4, 4, 4, 4, 4, 4, 4, 4, 3, 3]
[3, 3, 4, 4, 4, 4, 4, 4, 4, 4, 4, 4, 4, 4, 2, 2, 2, 2, 4, 4, 4, 4, 4, 4, 4, 4, 4, 4, 4, 4, 3, 3]
[2, 2, 3, 3, 3, 3, 3, 3, 3, 3, 3, 3, 3, 3, 2, 2, 2, 2, 3, 3, 3, 3, 3, 3, 3, 3, 3, 3, 3, 3, 2, 2]
[2, 2, 3, 3, 3, 3, 3, 3, 3, 3, 3, 3, 3, 3, 2, 2, 2, 2, 3, 3, 3, 3, 3, 3, 3, 3, 3, 3, 3, 3, 2, 2]
Edges: 1680
Moves: 3360
Max Clique Size: 2
Number of Max Cliques: 1696
Number of Connected Components: 24
Connected Components Spatial Distribution
[ 8, 2, 5, 6, 8, 2, 5, 6, 8, 2, 5, 6, 8, 2, 5, 6, 8, 2, 5, 6, 8, 2, 5, 6, 8, 2, 5, 6, 8, 2, 5, 6]
[ 4, 1, 7, 3, 4, 1, 7, 3, 4, 1, 7, 3, 4, 1, 7, 3, 4, 1, 7, 3, 4, 1, 7, 3, 4, 1, 7, 3, 4, 1, 7, 3]
[ 5, 6, 8, 2, 5, 6, 8, 2, 5, 6, 8, 2, 5, 6, 8, 2, 5, 6, 8, 2, 5, 6, 8, 2, 5, 6, 8, 2, 5, 6, 8, 2]
[ 7, 3, 4, 1, 7, 3, 4, 1, 7, 3, 4, 1, 7, 3, 4, 1, 7, 3, 4, 1, 7, 3, 4, 1, 7, 3, 4, 1, 7, 3, 4, 1]
[ 8, 2, 5, 6, 8, 2, 5, 6, 8, 2, 5, 6, 8, 2, 5, 6, 8, 2, 5, 6, 8, 2, 5, 6, 8, 2, 5, 6, 8, 2, 5, 6]
[ 4, 1, 7, 3, 4, 1, 7, 3, 4, 1, 7, 3, 4, 1, 7, 3, 4, 1, 7, 3, 4, 1, 7, 3, 4, 1, 7, 3, 4, 1, 7, 3]
[ 5, 6, 8, 2, 5, 6, 8, 2, 5, 6, 8, 2, 5, 6, 8, 2, 5, 6, 8, 2, 5, 6, 8, 2, 5, 6, 8, 2, 5, 6, 8, 2]
[ 7, 3, 4, 1, 7, 3, 4, 1, 7, 3, 4, 1, 7, 3, 4, 1, 7, 3, 4, 1, 7, 3, 4, 1, 7, 3, 4, 1, 7, 3, 4, 1]
[ 8, 2, 5, 6, 8, 2, 5, 6, 8, 2, 5, 6, 8, 2, 5, 6, 8, 2, 5, 6, 8, 2, 5, 6, 8, 2, 5, 6, 8, 2, 5, 6]
[ 4, 1, 7, 3, 4, 1, 7, 3, 4, 1, 7, 3, 4, 1, 7, 3, 4, 1, 7, 3, 4, 1, 7, 3, 4, 1, 7, 3, 4, 1, 7, 3]
[ 5, 6, 8, 2, 5, 6, 8, 2, 5, 6, 8, 2, 5, 6, 8, 2, 5, 6, 8, 2, 5, 6, 8, 2, 5, 6, 8, 2, 5, 6, 8, 2]
[ 7, 3, 4, 1, 7, 3, 4, 1, 7, 3, 4, 1, 7, 3, 4, 1, 7, 3, 4, 1, 7, 3, 4, 1, 7, 3, 4, 1, 7, 3, 4, 1]
[ 8, 2, 5, 6, 8, 2, 5, 6, 8, 2, 5, 6, 8, 2, 5, 6, 8, 2, 5, 6, 8, 2, 5, 6, 8, 2, 5, 6, 8, 2, 5, 6]
[ 4, 1, 7, 3, 4, 1, 7, 3, 4, 1, 7, 3, 4, 1, 7, 3, 4, 1, 7, 3, 4, 1, 7, 3, 4, 1, 7, 3, 4, 1, 7, 3]
[ 5, 6, 8, 2, 5, 6, 8, 2, 5, 6, 8, 2, 5, 6,10,20,22,15, 8, 2, 5, 6, 8, 2, 5, 6, 8, 2, 5, 6, 8, 2]
[ 7, 3, 4, 1, 7, 3, 4, 1, 7, 3, 4, 1, 7, 3,19,11,14,23, 4, 1, 7, 3, 4, 1, 7, 3, 4, 1, 7, 3, 4, 1]
[ 8, 2, 5, 6, 8, 2, 5, 6, 8, 2, 5, 6, 8, 2,17,16,21,18, 5, 6, 8, 2, 5, 6, 8, 2, 5, 6, 8, 2, 5, 6]
[ 4, 1, 7, 3, 4, 1, 7, 3, 4, 1, 7, 3, 4, 1,12,24,13, 9, 7, 3, 4, 1, 7, 3, 4, 1, 7, 3, 4, 1, 7, 3]
[ 5, 6, 8, 2, 5, 6, 8, 2, 5, 6, 8, 2, 5, 6, 8, 2, 5, 6, 8, 2, 5, 6, 8, 2, 5, 6, 8, 2, 5, 6, 8, 2]
[ 7, 3, 4, 1, 7, 3, 4, 1, 7, 3, 4, 1, 7, 3, 4, 1, 7, 3, 4, 1, 7, 3, 4, 1, 7, 3, 4, 1, 7, 3, 4, 1]
[ 8, 2, 5, 6, 8, 2, 5, 6, 8, 2, 5, 6, 8, 2, 5, 6, 8, 2, 5, 6, 8, 2, 5, 6, 8, 2, 5, 6, 8, 2, 5, 6]
[ 4, 1, 7, 3, 4, 1, 7, 3, 4, 1, 7, 3, 4, 1, 7, 3, 4, 1, 7, 3, 4, 1, 7, 3, 4, 1, 7, 3, 4, 1, 7, 3]
[ 5, 6, 8, 2, 5, 6, 8, 2, 5, 6, 8, 2, 5, 6, 8, 2, 5, 6, 8, 2, 5, 6, 8, 2, 5, 6, 8, 2, 5, 6, 8, 2]
[ 7, 3, 4, 1, 7, 3, 4, 1, 7, 3, 4, 1, 7, 3, 4, 1, 7, 3, 4, 1, 7, 3, 4, 1, 7, 3, 4, 1, 7, 3, 4, 1]
[ 8, 2, 5, 6, 8, 2, 5, 6, 8, 2, 5, 6, 8, 2, 5, 6, 8, 2, 5, 6, 8, 2, 5, 6, 8, 2, 5, 6, 8, 2, 5, 6]
[ 4, 1, 7, 3, 4, 1, 7, 3, 4, 1, 7, 3, 4, 1, 7, 3, 4, 1, 7, 3, 4, 1, 7, 3, 4, 1, 7, 3, 4, 1, 7, 3]
[ 5, 6, 8, 2, 5, 6, 8, 2, 5, 6, 8, 2, 5, 6, 8, 2, 5, 6, 8, 2, 5, 6, 8, 2, 5, 6, 8, 2, 5, 6, 8, 2]
[ 7, 3, 4, 1, 7, 3, 4, 1, 7, 3, 4, 1, 7, 3, 4, 1, 7, 3, 4, 1, 7, 3, 4, 1, 7, 3, 4, 1, 7, 3, 4, 1]
[ 8, 2, 5, 6, 8, 2, 5, 6, 8, 2, 5, 6, 8, 2, 5, 6, 8, 2, 5, 6, 8, 2, 5, 6, 8, 2, 5, 6, 8, 2, 5, 6]
[ 4, 1, 7, 3, 4, 1, 7, 3, 4, 1, 7, 3, 4, 1, 7, 3, 4, 1, 7, 3, 4, 1, 7, 3, 4, 1, 7, 3, 4, 1, 7, 3]
[ 5, 6, 8, 2, 5, 6, 8, 2, 5, 6, 8, 2, 5, 6, 8, 2, 5, 6, 8, 2, 5, 6, 8, 2, 5, 6, 8, 2, 5, 6, 8, 2]
[ 7, 3, 4, 1, 7, 3, 4, 1, 7, 3, 4, 1, 7, 3, 4, 1, 7, 3, 4, 1, 7, 3, 4, 1, 7, 3, 4, 1, 7, 3, 4, 1]
