[d, p, q] = [20, 5, 15]
0,0,100,400,440,0,80,0,4
Degree Spatial distribution
[2, 2, 2, 2, 2, 3, 3, 3, 3, 3, 3, 3, 3, 3, 3, 4, 4, 3, 3, 3, 3, 3, 3, 3, 3, 3, 3, 2, 2, 2, 2, 2]
[2, 2, 2, 2, 2, 3, 3, 3, 3, 3, 3, 3, 3, 3, 3, 4, 4, 3, 3, 3, 3, 3, 3, 3, 3, 3, 3, 2, 2, 2, 2, 2]
[2, 2, 2, 2, 2, 3, 3, 3, 3, 3, 3, 3, 3, 3, 3, 4, 4, 3, 3, 3, 3, 3, 3, 3, 3, 3, 3, 2, 2, 2, 2, 2]
[2, 2, 2, 2, 2, 3, 3, 3, 3, 3, 3, 3, 3, 3, 3, 4, 4, 3, 3, 3, 3, 3, 3, 3, 3, 3, 3, 2, 2, 2, 2, 2]
[2, 2, 2, 2, 2, 3, 3, 3, 3, 3, 3, 3, 3, 3, 3, 4, 4, 3, 3, 3, 3, 3, 3, 3, 3, 3, 3, 2, 2, 2, 2, 2]
[3, 3, 3, 3, 3, 4, 4, 4, 4, 4, 4, 4, 4, 4, 4, 6, 6, 4, 4, 4, 4, 4, 4, 4, 4, 4, 4, 3, 3, 3, 3, 3]
[3, 3, 3, 3, 3, 4, 4, 4, 4, 4, 4, 4, 4, 4, 4, 6, 6, 4, 4, 4, 4, 4, 4, 4, 4, 4, 4, 3, 3, 3, 3, 3]
[3, 3, 3, 3, 3, 4, 4, 4, 4, 4, 4, 4, 4, 4, 4, 6, 6, 4, 4, 4, 4, 4, 4, 4, 4, 4, 4, 3, 3, 3, 3, 3]
[3, 3, 3, 3, 3, 4, 4, 4, 4, 4, 4, 4, 4, 4, 4, 6, 6, 4, 4, 4, 4, 4, 4, 4, 4, 4, 4, 3, 3, 3, 3, 3]
[3, 3, 3, 3, 3, 4, 4, 4, 4, 4, 4, 4, 4, 4, 4, 6, 6, 4, 4, 4, 4, 4, 4, 4, 4, 4, 4, 3, 3, 3, 3, 3]
[3, 3, 3, 3, 3, 4, 4, 4, 4, 4, 4, 4, 4, 4, 4, 6, 6, 4, 4, 4, 4, 4, 4, 4, 4, 4, 4, 3, 3, 3, 3, 3]
[3, 3, 3, 3, 3, 4, 4, 4, 4, 4, 4, 4, 4, 4, 4, 6, 6, 4, 4, 4, 4, 4, 4, 4, 4, 4, 4, 3, 3, 3, 3, 3]
[3, 3, 3, 3, 3, 4, 4, 4, 4, 4, 4, 4, 4, 4, 4, 6, 6, 4, 4, 4, 4, 4, 4, 4, 4, 4, 4, 3, 3, 3, 3, 3]
[3, 3, 3, 3, 3, 4, 4, 4, 4, 4, 4, 4, 4, 4, 4, 6, 6, 4, 4, 4, 4, 4, 4, 4, 4, 4, 4, 3, 3, 3, 3, 3]
[3, 3, 3, 3, 3, 4, 4, 4, 4, 4, 4, 4, 4, 4, 4, 6, 6, 4, 4, 4, 4, 4, 4, 4, 4, 4, 4, 3, 3, 3, 3, 3]
[4, 4, 4, 4, 4, 6, 6, 6, 6, 6, 6, 6, 6, 6, 6, 8, 8, 6, 6, 6, 6, 6, 6, 6, 6, 6, 6, 4, 4, 4, 4, 4]
[4, 4, 4, 4, 4, 6, 6, 6, 6, 6, 6, 6, 6, 6, 6, 8, 8, 6, 6, 6, 6, 6, 6, 6, 6, 6, 6, 4, 4, 4, 4, 4]
[3, 3, 3, 3, 3, 4, 4, 4, 4, 4, 4, 4, 4, 4, 4, 6, 6, 4, 4, 4, 4, 4, 4, 4, 4, 4, 4, 3, 3, 3, 3, 3]
[3, 3, 3, 3, 3, 4, 4, 4, 4, 4, 4, 4, 4, 4, 4, 6, 6, 4, 4, 4, 4, 4, 4, 4, 4, 4, 4, 3, 3, 3, 3, 3]
[3, 3, 3, 3, 3, 4, 4, 4, 4, 4, 4, 4, 4, 4, 4, 6, 6, 4, 4, 4, 4, 4, 4, 4, 4, 4, 4, 3, 3, 3, 3, 3]
[3, 3, 3, 3, 3, 4, 4, 4, 4, 4, 4, 4, 4, 4, 4, 6, 6, 4, 4, 4, 4, 4, 4, 4, 4, 4, 4, 3, 3, 3, 3, 3]
[3, 3, 3, 3, 3, 4, 4, 4, 4, 4, 4, 4, 4, 4, 4, 6, 6, 4, 4, 4, 4, 4, 4, 4, 4, 4, 4, 3, 3, 3, 3, 3]
[3, 3, 3, 3, 3, 4, 4, 4, 4, 4, 4, 4, 4, 4, 4, 6, 6, 4, 4, 4, 4, 4, 4, 4, 4, 4, 4, 3, 3, 3, 3, 3]
[3, 3, 3, 3, 3, 4, 4, 4, 4, 4, 4, 4, 4, 4, 4, 6, 6, 4, 4, 4, 4, 4, 4, 4, 4, 4, 4, 3, 3, 3, 3, 3]
[3, 3, 3, 3, 3, 4, 4, 4, 4, 4, 4, 4, 4, 4, 4, 6, 6, 4, 4, 4, 4, 4, 4, 4, 4, 4, 4, 3, 3, 3, 3, 3]
[3, 3, 3, 3, 3, 4, 4, 4, 4, 4, 4, 4, 4, 4, 4, 6, 6, 4, 4, 4, 4, 4, 4, 4, 4, 4, 4, 3, 3, 3, 3, 3]
[3, 3, 3, 3, 3, 4, 4, 4, 4, 4, 4, 4, 4, 4, 4, 6, 6, 4, 4, 4, 4, 4, 4, 4, 4, 4, 4, 3, 3, 3, 3, 3]
[2, 2, 2, 2, 2, 3, 3, 3, 3, 3, 3, 3, 3, 3, 3, 4, 4, 3, 3, 3, 3, 3, 3, 3, 3, 3, 3, 2, 2, 2, 2, 2]
[2, 2, 2, 2, 2, 3, 3, 3, 3, 3, 3, 3, 3, 3, 3, 4, 4, 3, 3, 3, 3, 3, 3, 3, 3, 3, 3, 2, 2, 2, 2, 2]
[2, 2, 2, 2, 2, 3, 3, 3, 3, 3, 3, 3, 3, 3, 3, 4, 4, 3, 3, 3, 3, 3, 3, 3, 3, 3, 3, 2, 2, 2, 2, 2]
[2, 2, 2, 2, 2, 3, 3, 3, 3, 3, 3, 3, 3, 3, 3, 4, 4, 3, 3, 3, 3, 3, 3, 3, 3, 3, 3, 2, 2, 2, 2, 2]
[2, 2, 2, 2, 2, 3, 3, 3, 3, 3, 3, 3, 3, 3, 3, 4, 4, 3, 3, 3, 3, 3, 3, 3, 3, 3, 3, 2, 2, 2, 2, 2]
Edges: 1836
Moves: 3672
Max Clique Size: 2
Number of Max Cliques: 1836
Number of Connected Components: 50
Connected Components Spatial Distribution
[21,43,10,15,47, 4,29, 9,28,16,21,43,10,15,47, 4,29, 9,28,16,21,43,10,15,47, 4,29, 9,28,16,21,43]
[37,32,40,39,17, 3, 2,26,14,30,37,32,40,39,17, 3, 2,26,14,30,37,32,40,39,17, 3, 2,26,14,30,37,32]
[44,18,35,25,24,12,23,20,34,45,44,18,35,25,24,12,23,20,34,45,44,18,35,25,24,12,23,20,34,45,44,18]
[49, 6,50,36,42,38, 7, 1,46,31,49, 6,50,36,42,38, 7, 1,46,31,49, 6,50,36,42,38, 7, 1,46,31,49, 6]
[27, 5,48,13,19,22,41,11,33, 8,27, 5,48,13,19,22,41,11,33, 8,27, 5,48,13,19,22,41,11,33, 8,27, 5]
[ 4,29, 9,28,16,21,43,10,15,47, 4,29, 9,28,16,21,43,10,15,47, 4,29, 9,28,16,21,43,10,15,47, 4,29]
[ 3, 2,26,14,30,37,32,40,39,17, 3, 2,26,14,30,37,32,40,39,17, 3, 2,26,14,30,37,32,40,39,17, 3, 2]
[12,23,20,34,45,44,18,35,25,24,12,23,20,34,45,44,18,35,25,24,12,23,20,34,45,44,18,35,25,24,12,23]
[38, 7, 1,46,31,49, 6,50,36,42,38, 7, 1,46,31,49, 6,50,36,42,38, 7, 1,46,31,49, 6,50,36,42,38, 7]
[22,41,11,33, 8,27, 5,48,13,19,22,41,11,33, 8,27, 5,48,13,19,22,41,11,33, 8,27, 5,48,13,19,22,41]
[21,43,10,15,47, 4,29, 9,28,16,21,43,10,15,47, 4,29, 9,28,16,21,43,10,15,47, 4,29, 9,28,16,21,43]
[37,32,40,39,17, 3, 2,26,14,30,37,32,40,39,17, 3, 2,26,14,30,37,32,40,39,17, 3, 2,26,14,30,37,32]
[44,18,35,25,24,12,23,20,34,45,44,18,35,25,24,12,23,20,34,45,44,18,35,25,24,12,23,20,34,45,44,18]
[49, 6,50,36,42,38, 7, 1,46,31,49, 6,50,36,42,38, 7, 1,46,31,49, 6,50,36,42,38, 7, 1,46,31,49, 6]
[27, 5,48,13,19,22,41,11,33, 8,27, 5,48,13,19,22,41,11,33, 8,27, 5,48,13,19,22,41,11,33, 8,27, 5]
[ 4,29, 9,28,16,21,43,10,15,47, 4,29, 9,28,16,21,43,10,15,47, 4,29, 9,28,16,21,43,10,15,47, 4,29]
[ 3, 2,26,14,30,37,32,40,39,17, 3, 2,26,14,30,37,32,40,39,17, 3, 2,26,14,30,37,32,40,39,17, 3, 2]
[12,23,20,34,45,44,18,35,25,24,12,23,20,34,45,44,18,35,25,24,12,23,20,34,45,44,18,35,25,24,12,23]
[38, 7, 1,46,31,49, 6,50,36,42,38, 7, 1,46,31,49, 6,50,36,42,38, 7, 1,46,31,49, 6,50,36,42,38, 7]
[22,41,11,33, 8,27, 5,48,13,19,22,41,11,33, 8,27, 5,48,13,19,22,41,11,33, 8,27, 5,48,13,19,22,41]
[21,43,10,15,47, 4,29, 9,28,16,21,43,10,15,47, 4,29, 9,28,16,21,43,10,15,47, 4,29, 9,28,16,21,43]
[37,32,40,39,17, 3, 2,26,14,30,37,32,40,39,17, 3, 2,26,14,30,37,32,40,39,17, 3, 2,26,14,30,37,32]
[44,18,35,25,24,12,23,20,34,45,44,18,35,25,24,12,23,20,34,45,44,18,35,25,24,12,23,20,34,45,44,18]
[49, 6,50,36,42,38, 7, 1,46,31,49, 6,50,36,42,38, 7, 1,46,31,49, 6,50,36,42,38, 7, 1,46,31,49, 6]
[27, 5,48,13,19,22,41,11,33, 8,27, 5,48,13,19,22,41,11,33, 8,27, 5,48,13,19,22,41,11,33, 8,27, 5]
[ 4,29, 9,28,16,21,43,10,15,47, 4,29, 9,28,16,21,43,10,15,47, 4,29, 9,28,16,21,43,10,15,47, 4,29]
[ 3, 2,26,14,30,37,32,40,39,17, 3, 2,26,14,30,37,32,40,39,17, 3, 2,26,14,30,37,32,40,39,17, 3, 2]
[12,23,20,34,45,44,18,35,25,24,12,23,20,34,45,44,18,35,25,24,12,23,20,34,45,44,18,35,25,24,12,23]
[38, 7, 1,46,31,49, 6,50,36,42,38, 7, 1,46,31,49, 6,50,36,42,38, 7, 1,46,31,49, 6,50,36,42,38, 7]
[22,41,11,33, 8,27, 5,48,13,19,22,41,11,33, 8,27, 5,48,13,19,22,41,11,33, 8,27, 5,48,13,19,22,41]
[21,43,10,15,47, 4,29, 9,28,16,21,43,10,15,47, 4,29, 9,28,16,21,43,10,15,47, 4,29, 9,28,16,21,43]
[37,32,40,39,17, 3, 2,26,14,30,37,32,40,39,17, 3, 2,26,14,30,37,32,40,39,17, 3, 2,26,14,30,37,32]
