[d, p, q] = [20, 8, 12]
0,0,256,256,320,0,128,0,64
Degree Spatial distribution
[2, 2, 2, 2, 2, 2, 2, 2, 3, 3, 3, 3, 4, 4, 4, 4, 4, 4, 4, 4, 3, 3, 3, 3, 2, 2, 2, 2, 2, 2, 2, 2]
[2, 2, 2, 2, 2, 2, 2, 2, 3, 3, 3, 3, 4, 4, 4, 4, 4, 4, 4, 4, 3, 3, 3, 3, 2, 2, 2, 2, 2, 2, 2, 2]
[2, 2, 2, 2, 2, 2, 2, 2, 3, 3, 3, 3, 4, 4, 4, 4, 4, 4, 4, 4, 3, 3, 3, 3, 2, 2, 2, 2, 2, 2, 2, 2]
[2, 2, 2, 2, 2, 2, 2, 2, 3, 3, 3, 3, 4, 4, 4, 4, 4, 4, 4, 4, 3, 3, 3, 3, 2, 2, 2, 2, 2, 2, 2, 2]
[2, 2, 2, 2, 2, 2, 2, 2, 3, 3, 3, 3, 4, 4, 4, 4, 4, 4, 4, 4, 3, 3, 3, 3, 2, 2, 2, 2, 2, 2, 2, 2]
[2, 2, 2, 2, 2, 2, 2, 2, 3, 3, 3, 3, 4, 4, 4, 4, 4, 4, 4, 4, 3, 3, 3, 3, 2, 2, 2, 2, 2, 2, 2, 2]
[2, 2, 2, 2, 2, 2, 2, 2, 3, 3, 3, 3, 4, 4, 4, 4, 4, 4, 4, 4, 3, 3, 3, 3, 2, 2, 2, 2, 2, 2, 2, 2]
[2, 2, 2, 2, 2, 2, 2, 2, 3, 3, 3, 3, 4, 4, 4, 4, 4, 4, 4, 4, 3, 3, 3, 3, 2, 2, 2, 2, 2, 2, 2, 2]
[3, 3, 3, 3, 3, 3, 3, 3, 4, 4, 4, 4, 6, 6, 6, 6, 6, 6, 6, 6, 4, 4, 4, 4, 3, 3, 3, 3, 3, 3, 3, 3]
[3, 3, 3, 3, 3, 3, 3, 3, 4, 4, 4, 4, 6, 6, 6, 6, 6, 6, 6, 6, 4, 4, 4, 4, 3, 3, 3, 3, 3, 3, 3, 3]
[3, 3, 3, 3, 3, 3, 3, 3, 4, 4, 4, 4, 6, 6, 6, 6, 6, 6, 6, 6, 4, 4, 4, 4, 3, 3, 3, 3, 3, 3, 3, 3]
[3, 3, 3, 3, 3, 3, 3, 3, 4, 4, 4, 4, 6, 6, 6, 6, 6, 6, 6, 6, 4, 4, 4, 4, 3, 3, 3, 3, 3, 3, 3, 3]
[4, 4, 4, 4, 4, 4, 4, 4, 6, 6, 6, 6, 8, 8, 8, 8, 8, 8, 8, 8, 6, 6, 6, 6, 4, 4, 4, 4, 4, 4, 4, 4]
[4, 4, 4, 4, 4, 4, 4, 4, 6, 6, 6, 6, 8, 8, 8, 8, 8, 8, 8, 8, 6, 6, 6, 6, 4, 4, 4, 4, 4, 4, 4, 4]
[4, 4, 4, 4, 4, 4, 4, 4, 6, 6, 6, 6, 8, 8, 8, 8, 8, 8, 8, 8, 6, 6, 6, 6, 4, 4, 4, 4, 4, 4, 4, 4]
[4, 4, 4, 4, 4, 4, 4, 4, 6, 6, 6, 6, 8, 8, 8, 8, 8, 8, 8, 8, 6, 6, 6, 6, 4, 4, 4, 4, 4, 4, 4, 4]
[4, 4, 4, 4, 4, 4, 4, 4, 6, 6, 6, 6, 8, 8, 8, 8, 8, 8, 8, 8, 6, 6, 6, 6, 4, 4, 4, 4, 4, 4, 4, 4]
[4, 4, 4, 4, 4, 4, 4, 4, 6, 6, 6, 6, 8, 8, 8, 8, 8, 8, 8, 8, 6, 6, 6, 6, 4, 4, 4, 4, 4, 4, 4, 4]
[4, 4, 4, 4, 4, 4, 4, 4, 6, 6, 6, 6, 8, 8, 8, 8, 8, 8, 8, 8, 6, 6, 6, 6, 4, 4, 4, 4, 4, 4, 4, 4]
[4, 4, 4, 4, 4, 4, 4, 4, 6, 6, 6, 6, 8, 8, 8, 8, 8, 8, 8, 8, 6, 6, 6, 6, 4, 4, 4, 4, 4, 4, 4, 4]
[3, 3, 3, 3, 3, 3, 3, 3, 4, 4, 4, 4, 6, 6, 6, 6, 6, 6, 6, 6, 4, 4, 4, 4, 3, 3, 3, 3, 3, 3, 3, 3]
[3, 3, 3, 3, 3, 3, 3, 3, 4, 4, 4, 4, 6, 6, 6, 6, 6, 6, 6, 6, 4, 4, 4, 4, 3, 3, 3, 3, 3, 3, 3, 3]
[3, 3, 3, 3, 3, 3, 3, 3, 4, 4, 4, 4, 6, 6, 6, 6, 6, 6, 6, 6, 4, 4, 4, 4, 3, 3, 3, 3, 3, 3, 3, 3]
[3, 3, 3, 3, 3, 3, 3, 3, 4, 4, 4, 4, 6, 6, 6, 6, 6, 6, 6, 6, 4, 4, 4, 4, 3, 3, 3, 3, 3, 3, 3, 3]
[2, 2, 2, 2, 2, 2, 2, 2, 3, 3, 3, 3, 4, 4, 4, 4, 4, 4, 4, 4, 3, 3, 3, 3, 2, 2, 2, 2, 2, 2, 2, 2]
[2, 2, 2, 2, 2, 2, 2, 2, 3, 3, 3, 3, 4, 4, 4, 4, 4, 4, 4, 4, 3, 3, 3, 3, 2, 2, 2, 2, 2, 2, 2, 2]
[2, 2, 2, 2, 2, 2, 2, 2, 3, 3, 3, 3, 4, 4, 4, 4, 4, 4, 4, 4, 3, 3, 3, 3, 2, 2, 2, 2, 2, 2, 2, 2]
[2, 2, 2, 2, 2, 2, 2, 2, 3, 3, 3, 3, 4, 4, 4, 4, 4, 4, 4, 4, 3, 3, 3, 3, 2, 2, 2, 2, 2, 2, 2, 2]
[2, 2, 2, 2, 2, 2, 2, 2, 3, 3, 3, 3, 4, 4, 4, 4, 4, 4, 4, 4, 3, 3, 3, 3, 2, 2, 2, 2, 2, 2, 2, 2]
[2, 2, 2, 2, 2, 2, 2, 2, 3, 3, 3, 3, 4, 4, 4, 4, 4, 4, 4, 4, 3, 3, 3, 3, 2, 2, 2, 2, 2, 2, 2, 2]
[2, 2, 2, 2, 2, 2, 2, 2, 3, 3, 3, 3, 4, 4, 4, 4, 4, 4, 4, 4, 3, 3, 3, 3, 2, 2, 2, 2, 2, 2, 2, 2]
[2, 2, 2, 2, 2, 2, 2, 2, 3, 3, 3, 3, 4, 4, 4, 4, 4, 4, 4, 4, 3, 3, 3, 3, 2, 2, 2, 2, 2, 2, 2, 2]
Edges: 1920
Moves: 3840
Max Clique Size: 2
Number of Max Cliques: 1920
Number of Connected Components: 16
Connected Components Spatial Distribution
[16, 6, 5, 7,16, 6, 5, 7,16, 6, 5, 7,16, 6, 5, 7,16, 6, 5, 7,16, 6, 5, 7,16, 6, 5, 7,16, 6, 5, 7]
[ 4,14,13, 8, 4,14,13, 8, 4,14,13, 8, 4,14,13, 8, 4,14,13, 8, 4,14,13, 8, 4,14,13, 8, 4,14,13, 8]
[12,11,15, 2,12,11,15, 2,12,11,15, 2,12,11,15, 2,12,11,15, 2,12,11,15, 2,12,11,15, 2,12,11,15, 2]
[10, 3, 9, 1,10, 3, 9, 1,10, 3, 9, 1,10, 3, 9, 1,10, 3, 9, 1,10, 3, 9, 1,10, 3, 9, 1,10, 3, 9, 1]
[16, 6, 5, 7,16, 6, 5, 7,16, 6, 5, 7,16, 6, 5, 7,16, 6, 5, 7,16, 6, 5, 7,16, 6, 5, 7,16, 6, 5, 7]
[ 4,14,13, 8, 4,14,13, 8, 4,14,13, 8, 4,14,13, 8, 4,14,13, 8, 4,14,13, 8, 4,14,13, 8, 4,14,13, 8]
[12,11,15, 2,12,11,15, 2,12,11,15, 2,12,11,15, 2,12,11,15, 2,12,11,15, 2,12,11,15, 2,12,11,15, 2]
[10, 3, 9, 1,10, 3, 9, 1,10, 3, 9, 1,10, 3, 9, 1,10, 3, 9, 1,10, 3, 9, 1,10, 3, 9, 1,10, 3, 9, 1]
[16, 6, 5, 7,16, 6, 5, 7,16, 6, 5, 7,16, 6, 5, 7,16, 6, 5, 7,16, 6, 5, 7,16, 6, 5, 7,16, 6, 5, 7]
[ 4,14,13, 8, 4,14,13, 8, 4,14,13, 8, 4,14,13, 8, 4,14,13, 8, 4,14,13, 8, 4,14,13, 8, 4,14,13, 8]
[12,11,15, 2,12,11,15, 2,12,11,15, 2,12,11,15, 2,12,11,15, 2,12,11,15, 2,12,11,15, 2,12,11,15, 2]
[10, 3, 9, 1,10, 3, 9, 1,10, 3, 9, 1,10, 3, 9, 1,10, 3, 9, 1,10, 3, 9, 1,10, 3, 9, 1,10, 3, 9, 1]
[16, 6, 5, 7,16, 6, 5, 7,16, 6, 5, 7,16, 6, 5, 7,16, 6, 5, 7,16, 6, 5, 7,16, 6, 5, 7,16, 6, 5, 7]
[ 4,14,13, 8, 4,14,13, 8, 4,14,13, 8, 4,14,13, 8, 4,14,13, 8, 4,14,13, 8, 4,14,13, 8, 4,14,13, 8]
[12,11,15, 2,12,11,15, 2,12,11,15, 2,12,11,15, 2,12,11,15, 2,12,11,15, 2,12,11,15, 2,12,11,15, 2]
[10, 3, 9, 1,10, 3, 9, 1,10, 3, 9, 1,10, 3, 9, 1,10, 3, 9, 1,10, 3, 9, 1,10, 3, 9, 1,10, 3, 9, 1]
[16, 6, 5, 7,16, 6, 5, 7,16, 6, 5, 7,16, 6, 5, 7,16, 6, 5, 7,16, 6, 5, 7,16, 6, 5, 7,16, 6, 5, 7]
[ 4,14,13, 8, 4,14,13, 8, 4,14,13, 8, 4,14,13, 8, 4,14,13, 8, 4,14,13, 8, 4,14,13, 8, 4,14,13, 8]
[12,11,15, 2,12,11,15, 2,12,11,15, 2,12,11,15, 2,12,11,15, 2,12,11,15, 2,12,11,15, 2,12,11,15, 2]
[10, 3, 9, 1,10, 3, 9, 1,10, 3, 9, 1,10, 3, 9, 1,10, 3, 9, 1,10, 3, 9, 1,10, 3, 9, 1,10, 3, 9, 1]
[16, 6, 5, 7,16, 6, 5, 7,16, 6, 5, 7,16, 6, 5, 7,16, 6, 5, 7,16, 6, 5, 7,16, 6, 5, 7,16, 6, 5, 7]
[ 4,14,13, 8, 4,14,13, 8, 4,14,13, 8, 4,14,13, 8, 4,14,13, 8, 4,14,13, 8, 4,14,13, 8, 4,14,13, 8]
[12,11,15, 2,12,11,15, 2,12,11,15, 2,12,11,15, 2,12,11,15, 2,12,11,15, 2,12,11,15, 2,12,11,15, 2]
[10, 3, 9, 1,10, 3, 9, 1,10, 3, 9, 1,10, 3, 9, 1,10, 3, 9, 1,10, 3, 9, 1,10, 3, 9, 1,10, 3, 9, 1]
[16, 6, 5, 7,16, 6, 5, 7,16, 6, 5, 7,16, 6, 5, 7,16, 6, 5, 7,16, 6, 5, 7,16, 6, 5, 7,16, 6, 5, 7]
[ 4,14,13, 8, 4,14,13, 8, 4,14,13, 8, 4,14,13, 8, 4,14,13, 8, 4,14,13, 8, 4,14,13, 8, 4,14,13, 8]
[12,11,15, 2,12,11,15, 2,12,11,15, 2,12,11,15, 2,12,11,15, 2,12,11,15, 2,12,11,15, 2,12,11,15, 2]
[10, 3, 9, 1,10, 3, 9, 1,10, 3, 9, 1,10, 3, 9, 1,10, 3, 9, 1,10, 3, 9, 1,10, 3, 9, 1,10, 3, 9, 1]
[16, 6, 5, 7,16, 6, 5, 7,16, 6, 5, 7,16, 6, 5, 7,16, 6, 5, 7,16, 6, 5, 7,16, 6, 5, 7,16, 6, 5, 7]
[ 4,14,13, 8, 4,14,13, 8, 4,14,13, 8, 4,14,13, 8, 4,14,13, 8, 4,14,13, 8, 4,14,13, 8, 4,14,13, 8]
[12,11,15, 2,12,11,15, 2,12,11,15, 2,12,11,15, 2,12,11,15, 2,12,11,15, 2,12,11,15, 2,12,11,15, 2]
[10, 3, 9, 1,10, 3, 9, 1,10, 3, 9, 1,10, 3, 9, 1,10, 3, 9, 1,10, 3, 9, 1,10, 3, 9, 1,10, 3, 9, 1]
