[d, p, q] = [21, 3, 18]
16,0,260,264,484
Degree Spatial distribution
[2, 2, 2, 3, 3, 3, 3, 3, 3, 3, 3, 3, 3, 3, 2, 2, 2, 2, 3, 3, 3, 3, 3, 3, 3, 3, 3, 3, 3, 2, 2, 2]
[2, 2, 2, 3, 3, 3, 3, 3, 3, 3, 3, 3, 3, 3, 2, 2, 2, 2, 3, 3, 3, 3, 3, 3, 3, 3, 3, 3, 3, 2, 2, 2]
[2, 2, 2, 3, 3, 3, 3, 3, 3, 3, 3, 3, 3, 3, 2, 2, 2, 2, 3, 3, 3, 3, 3, 3, 3, 3, 3, 3, 3, 2, 2, 2]
[3, 3, 3, 4, 4, 4, 4, 4, 4, 4, 4, 4, 4, 4, 2, 2, 2, 2, 4, 4, 4, 4, 4, 4, 4, 4, 4, 4, 4, 3, 3, 3]
[3, 3, 3, 4, 4, 4, 4, 4, 4, 4, 4, 4, 4, 4, 2, 2, 2, 2, 4, 4, 4, 4, 4, 4, 4, 4, 4, 4, 4, 3, 3, 3]
[3, 3, 3, 4, 4, 4, 4, 4, 4, 4, 4, 4, 4, 4, 2, 2, 2, 2, 4, 4, 4, 4, 4, 4, 4, 4, 4, 4, 4, 3, 3, 3]
[3, 3, 3, 4, 4, 4, 4, 4, 4, 4, 4, 4, 4, 4, 2, 2, 2, 2, 4, 4, 4, 4, 4, 4, 4, 4, 4, 4, 4, 3, 3, 3]
[3, 3, 3, 4, 4, 4, 4, 4, 4, 4, 4, 4, 4, 4, 2, 2, 2, 2, 4, 4, 4, 4, 4, 4, 4, 4, 4, 4, 4, 3, 3, 3]
[3, 3, 3, 4, 4, 4, 4, 4, 4, 4, 4, 4, 4, 4, 2, 2, 2, 2, 4, 4, 4, 4, 4, 4, 4, 4, 4, 4, 4, 3, 3, 3]
[3, 3, 3, 4, 4, 4, 4, 4, 4, 4, 4, 4, 4, 4, 2, 2, 2, 2, 4, 4, 4, 4, 4, 4, 4, 4, 4, 4, 4, 3, 3, 3]
[3, 3, 3, 4, 4, 4, 4, 4, 4, 4, 4, 4, 4, 4, 2, 2, 2, 2, 4, 4, 4, 4, 4, 4, 4, 4, 4, 4, 4, 3, 3, 3]
[3, 3, 3, 4, 4, 4, 4, 4, 4, 4, 4, 4, 4, 4, 2, 2, 2, 2, 4, 4, 4, 4, 4, 4, 4, 4, 4, 4, 4, 3, 3, 3]
[3, 3, 3, 4, 4, 4, 4, 4, 4, 4, 4, 4, 4, 4, 2, 2, 2, 2, 4, 4, 4, 4, 4, 4, 4, 4, 4, 4, 4, 3, 3, 3]
[3, 3, 3, 4, 4, 4, 4, 4, 4, 4, 4, 4, 4, 4, 2, 2, 2, 2, 4, 4, 4, 4, 4, 4, 4, 4, 4, 4, 4, 3, 3, 3]
[2, 2, 2, 2, 2, 2, 2, 2, 2, 2, 2, 2, 2, 2, 0, 0, 0, 0, 2, 2, 2, 2, 2, 2, 2, 2, 2, 2, 2, 2, 2, 2]
[2, 2, 2, 2, 2, 2, 2, 2, 2, 2, 2, 2, 2, 2, 0, 0, 0, 0, 2, 2, 2, 2, 2, 2, 2, 2, 2, 2, 2, 2, 2, 2]
[2, 2, 2, 2, 2, 2, 2, 2, 2, 2, 2, 2, 2, 2, 0, 0, 0, 0, 2, 2, 2, 2, 2, 2, 2, 2, 2, 2, 2, 2, 2, 2]
[2, 2, 2, 2, 2, 2, 2, 2, 2, 2, 2, 2, 2, 2, 0, 0, 0, 0, 2, 2, 2, 2, 2, 2, 2, 2, 2, 2, 2, 2, 2, 2]
[3, 3, 3, 4, 4, 4, 4, 4, 4, 4, 4, 4, 4, 4, 2, 2, 2, 2, 4, 4, 4, 4, 4, 4, 4, 4, 4, 4, 4, 3, 3, 3]
[3, 3, 3, 4, 4, 4, 4, 4, 4, 4, 4, 4, 4, 4, 2, 2, 2, 2, 4, 4, 4, 4, 4, 4, 4, 4, 4, 4, 4, 3, 3, 3]
[3, 3, 3, 4, 4, 4, 4, 4, 4, 4, 4, 4, 4, 4, 2, 2, 2, 2, 4, 4, 4, 4, 4, 4, 4, 4, 4, 4, 4, 3, 3, 3]
[3, 3, 3, 4, 4, 4, 4, 4, 4, 4, 4, 4, 4, 4, 2, 2, 2, 2, 4, 4, 4, 4, 4, 4, 4, 4, 4, 4, 4, 3, 3, 3]
[3, 3, 3, 4, 4, 4, 4, 4, 4, 4, 4, 4, 4, 4, 2, 2, 2, 2, 4, 4, 4, 4, 4, 4, 4, 4, 4, 4, 4, 3, 3, 3]
[3, 3, 3, 4, 4, 4, 4, 4, 4, 4, 4, 4, 4, 4, 2, 2, 2, 2, 4, 4, 4, 4, 4, 4, 4, 4, 4, 4, 4, 3, 3, 3]
[3, 3, 3, 4, 4, 4, 4, 4, 4, 4, 4, 4, 4, 4, 2, 2, 2, 2, 4, 4, 4, 4, 4, 4, 4, 4, 4, 4, 4, 3, 3, 3]
[3, 3, 3, 4, 4, 4, 4, 4, 4, 4, 4, 4, 4, 4, 2, 2, 2, 2, 4, 4, 4, 4, 4, 4, 4, 4, 4, 4, 4, 3, 3, 3]
[3, 3, 3, 4, 4, 4, 4, 4, 4, 4, 4, 4, 4, 4, 2, 2, 2, 2, 4, 4, 4, 4, 4, 4, 4, 4, 4, 4, 4, 3, 3, 3]
[3, 3, 3, 4, 4, 4, 4, 4, 4, 4, 4, 4, 4, 4, 2, 2, 2, 2, 4, 4, 4, 4, 4, 4, 4, 4, 4, 4, 4, 3, 3, 3]
[3, 3, 3, 4, 4, 4, 4, 4, 4, 4, 4, 4, 4, 4, 2, 2, 2, 2, 4, 4, 4, 4, 4, 4, 4, 4, 4, 4, 4, 3, 3, 3]
[2, 2, 2, 3, 3, 3, 3, 3, 3, 3, 3, 3, 3, 3, 2, 2, 2, 2, 3, 3, 3, 3, 3, 3, 3, 3, 3, 3, 3, 2, 2, 2]
[2, 2, 2, 3, 3, 3, 3, 3, 3, 3, 3, 3, 3, 3, 2, 2, 2, 2, 3, 3, 3, 3, 3, 3, 3, 3, 3, 3, 3, 2, 2, 2]
[2, 2, 2, 3, 3, 3, 3, 3, 3, 3, 3, 3, 3, 3, 2, 2, 2, 2, 3, 3, 3, 3, 3, 3, 3, 3, 3, 3, 3, 2, 2, 2]
Edges: 1624
Moves: 3248
Max Clique Size: 2
Number of Max Cliques: 1640
Number of Connected Components: 25
Connected Components Spatial Distribution
[ 6, 1, 9, 6, 1, 9, 6, 1, 9, 6, 1, 9, 6, 1, 9, 6, 1, 9, 6, 1, 9, 6, 1, 9, 6, 1, 9, 6, 1, 9, 6, 1]
[ 3, 4, 2, 3, 4, 2, 3, 4, 2, 3, 4, 2, 3, 4, 2, 3, 4, 2, 3, 4, 2, 3, 4, 2, 3, 4, 2, 3, 4, 2, 3, 4]
[ 7, 8, 5, 7, 8, 5, 7, 8, 5, 7, 8, 5, 7, 8, 5, 7, 8, 5, 7, 8, 5, 7, 8, 5, 7, 8, 5, 7, 8, 5, 7, 8]
[ 6, 1, 9, 6, 1, 9, 6, 1, 9, 6, 1, 9, 6, 1, 9, 6, 1, 9, 6, 1, 9, 6, 1, 9, 6, 1, 9, 6, 1, 9, 6, 1]
[ 3, 4, 2, 3, 4, 2, 3, 4, 2, 3, 4, 2, 3, 4, 2, 3, 4, 2, 3, 4, 2, 3, 4, 2, 3, 4, 2, 3, 4, 2, 3, 4]
[ 7, 8, 5, 7, 8, 5, 7, 8, 5, 7, 8, 5, 7, 8, 5, 7, 8, 5, 7, 8, 5, 7, 8, 5, 7, 8, 5, 7, 8, 5, 7, 8]
[ 6, 1, 9, 6, 1, 9, 6, 1, 9, 6, 1, 9, 6, 1, 9, 6, 1, 9, 6, 1, 9, 6, 1, 9, 6, 1, 9, 6, 1, 9, 6, 1]
[ 3, 4, 2, 3, 4, 2, 3, 4, 2, 3, 4, 2, 3, 4, 2, 3, 4, 2, 3, 4, 2, 3, 4, 2, 3, 4, 2, 3, 4, 2, 3, 4]
[ 7, 8, 5, 7, 8, 5, 7, 8, 5, 7, 8, 5, 7, 8, 5, 7, 8, 5, 7, 8, 5, 7, 8, 5, 7, 8, 5, 7, 8, 5, 7, 8]
[ 6, 1, 9, 6, 1, 9, 6, 1, 9, 6, 1, 9, 6, 1, 9, 6, 1, 9, 6, 1, 9, 6, 1, 9, 6, 1, 9, 6, 1, 9, 6, 1]
[ 3, 4, 2, 3, 4, 2, 3, 4, 2, 3, 4, 2, 3, 4, 2, 3, 4, 2, 3, 4, 2, 3, 4, 2, 3, 4, 2, 3, 4, 2, 3, 4]
[ 7, 8, 5, 7, 8, 5, 7, 8, 5, 7, 8, 5, 7, 8, 5, 7, 8, 5, 7, 8, 5, 7, 8, 5, 7, 8, 5, 7, 8, 5, 7, 8]
[ 6, 1, 9, 6, 1, 9, 6, 1, 9, 6, 1, 9, 6, 1, 9, 6, 1, 9, 6, 1, 9, 6, 1, 9, 6, 1, 9, 6, 1, 9, 6, 1]
[ 3, 4, 2, 3, 4, 2, 3, 4, 2, 3, 4, 2, 3, 4, 2, 3, 4, 2, 3, 4, 2, 3, 4, 2, 3, 4, 2, 3, 4, 2, 3, 4]
[ 7, 8, 5, 7, 8, 5, 7, 8, 5, 7, 8, 5, 7, 8,11,21,23,16, 7, 8, 5, 7, 8, 5, 7, 8, 5, 7, 8, 5, 7, 8]
[ 6, 1, 9, 6, 1, 9, 6, 1, 9, 6, 1, 9, 6, 1,20,12,15,24, 6, 1, 9, 6, 1, 9, 6, 1, 9, 6, 1, 9, 6, 1]
[ 3, 4, 2, 3, 4, 2, 3, 4, 2, 3, 4, 2, 3, 4,18,17,22,19, 3, 4, 2, 3, 4, 2, 3, 4, 2, 3, 4, 2, 3, 4]
[ 7, 8, 5, 7, 8, 5, 7, 8, 5, 7, 8, 5, 7, 8,13,25,14,10, 7, 8, 5, 7, 8, 5, 7, 8, 5, 7, 8, 5, 7, 8]
[ 6, 1, 9, 6, 1, 9, 6, 1, 9, 6, 1, 9, 6, 1, 9, 6, 1, 9, 6, 1, 9, 6, 1, 9, 6, 1, 9, 6, 1, 9, 6, 1]
[ 3, 4, 2, 3, 4, 2, 3, 4, 2, 3, 4, 2, 3, 4, 2, 3, 4, 2, 3, 4, 2, 3, 4, 2, 3, 4, 2, 3, 4, 2, 3, 4]
[ 7, 8, 5, 7, 8, 5, 7, 8, 5, 7, 8, 5, 7, 8, 5, 7, 8, 5, 7, 8, 5, 7, 8, 5, 7, 8, 5, 7, 8, 5, 7, 8]
[ 6, 1, 9, 6, 1, 9, 6, 1, 9, 6, 1, 9, 6, 1, 9, 6, 1, 9, 6, 1, 9, 6, 1, 9, 6, 1, 9, 6, 1, 9, 6, 1]
[ 3, 4, 2, 3, 4, 2, 3, 4, 2, 3, 4, 2, 3, 4, 2, 3, 4, 2, 3, 4, 2, 3, 4, 2, 3, 4, 2, 3, 4, 2, 3, 4]
[ 7, 8, 5, 7, 8, 5, 7, 8, 5, 7, 8, 5, 7, 8, 5, 7, 8, 5, 7, 8, 5, 7, 8, 5, 7, 8, 5, 7, 8, 5, 7, 8]
[ 6, 1, 9, 6, 1, 9, 6, 1, 9, 6, 1, 9, 6, 1, 9, 6, 1, 9, 6, 1, 9, 6, 1, 9, 6, 1, 9, 6, 1, 9, 6, 1]
[ 3, 4, 2, 3, 4, 2, 3, 4, 2, 3, 4, 2, 3, 4, 2, 3, 4, 2, 3, 4, 2, 3, 4, 2, 3, 4, 2, 3, 4, 2, 3, 4]
[ 7, 8, 5, 7, 8, 5, 7, 8, 5, 7, 8, 5, 7, 8, 5, 7, 8, 5, 7, 8, 5, 7, 8, 5, 7, 8, 5, 7, 8, 5, 7, 8]
[ 6, 1, 9, 6, 1, 9, 6, 1, 9, 6, 1, 9, 6, 1, 9, 6, 1, 9, 6, 1, 9, 6, 1, 9, 6, 1, 9, 6, 1, 9, 6, 1]
[ 3, 4, 2, 3, 4, 2, 3, 4, 2, 3, 4, 2, 3, 4, 2, 3, 4, 2, 3, 4, 2, 3, 4, 2, 3, 4, 2, 3, 4, 2, 3, 4]
[ 7, 8, 5, 7, 8, 5, 7, 8, 5, 7, 8, 5, 7, 8, 5, 7, 8, 5, 7, 8, 5, 7, 8, 5, 7, 8, 5, 7, 8, 5, 7, 8]
[ 6, 1, 9, 6, 1, 9, 6, 1, 9, 6, 1, 9, 6, 1, 9, 6, 1, 9, 6, 1, 9, 6, 1, 9, 6, 1, 9, 6, 1, 9, 6, 1]
[ 3, 4, 2, 3, 4, 2, 3, 4, 2, 3, 4, 2, 3, 4, 2, 3, 4, 2, 3, 4, 2, 3, 4, 2, 3, 4, 2, 3, 4, 2, 3, 4]
