[d, p, q] = [21, 7, 14]
0,0,196,392,308,0,112,0,16
Degree Spatial distribution
[2, 2, 2, 2, 2, 2, 2, 3, 3, 3, 3, 3, 3, 3, 4, 4, 4, 4, 3, 3, 3, 3, 3, 3, 3, 2, 2, 2, 2, 2, 2, 2]
[2, 2, 2, 2, 2, 2, 2, 3, 3, 3, 3, 3, 3, 3, 4, 4, 4, 4, 3, 3, 3, 3, 3, 3, 3, 2, 2, 2, 2, 2, 2, 2]
[2, 2, 2, 2, 2, 2, 2, 3, 3, 3, 3, 3, 3, 3, 4, 4, 4, 4, 3, 3, 3, 3, 3, 3, 3, 2, 2, 2, 2, 2, 2, 2]
[2, 2, 2, 2, 2, 2, 2, 3, 3, 3, 3, 3, 3, 3, 4, 4, 4, 4, 3, 3, 3, 3, 3, 3, 3, 2, 2, 2, 2, 2, 2, 2]
[2, 2, 2, 2, 2, 2, 2, 3, 3, 3, 3, 3, 3, 3, 4, 4, 4, 4, 3, 3, 3, 3, 3, 3, 3, 2, 2, 2, 2, 2, 2, 2]
[2, 2, 2, 2, 2, 2, 2, 3, 3, 3, 3, 3, 3, 3, 4, 4, 4, 4, 3, 3, 3, 3, 3, 3, 3, 2, 2, 2, 2, 2, 2, 2]
[2, 2, 2, 2, 2, 2, 2, 3, 3, 3, 3, 3, 3, 3, 4, 4, 4, 4, 3, 3, 3, 3, 3, 3, 3, 2, 2, 2, 2, 2, 2, 2]
[3, 3, 3, 3, 3, 3, 3, 4, 4, 4, 4, 4, 4, 4, 6, 6, 6, 6, 4, 4, 4, 4, 4, 4, 4, 3, 3, 3, 3, 3, 3, 3]
[3, 3, 3, 3, 3, 3, 3, 4, 4, 4, 4, 4, 4, 4, 6, 6, 6, 6, 4, 4, 4, 4, 4, 4, 4, 3, 3, 3, 3, 3, 3, 3]
[3, 3, 3, 3, 3, 3, 3, 4, 4, 4, 4, 4, 4, 4, 6, 6, 6, 6, 4, 4, 4, 4, 4, 4, 4, 3, 3, 3, 3, 3, 3, 3]
[3, 3, 3, 3, 3, 3, 3, 4, 4, 4, 4, 4, 4, 4, 6, 6, 6, 6, 4, 4, 4, 4, 4, 4, 4, 3, 3, 3, 3, 3, 3, 3]
[3, 3, 3, 3, 3, 3, 3, 4, 4, 4, 4, 4, 4, 4, 6, 6, 6, 6, 4, 4, 4, 4, 4, 4, 4, 3, 3, 3, 3, 3, 3, 3]
[3, 3, 3, 3, 3, 3, 3, 4, 4, 4, 4, 4, 4, 4, 6, 6, 6, 6, 4, 4, 4, 4, 4, 4, 4, 3, 3, 3, 3, 3, 3, 3]
[3, 3, 3, 3, 3, 3, 3, 4, 4, 4, 4, 4, 4, 4, 6, 6, 6, 6, 4, 4, 4, 4, 4, 4, 4, 3, 3, 3, 3, 3, 3, 3]
[4, 4, 4, 4, 4, 4, 4, 6, 6, 6, 6, 6, 6, 6, 8, 8, 8, 8, 6, 6, 6, 6, 6, 6, 6, 4, 4, 4, 4, 4, 4, 4]
[4, 4, 4, 4, 4, 4, 4, 6, 6, 6, 6, 6, 6, 6, 8, 8, 8, 8, 6, 6, 6, 6, 6, 6, 6, 4, 4, 4, 4, 4, 4, 4]
[4, 4, 4, 4, 4, 4, 4, 6, 6, 6, 6, 6, 6, 6, 8, 8, 8, 8, 6, 6, 6, 6, 6, 6, 6, 4, 4, 4, 4, 4, 4, 4]
[4, 4, 4, 4, 4, 4, 4, 6, 6, 6, 6, 6, 6, 6, 8, 8, 8, 8, 6, 6, 6, 6, 6, 6, 6, 4, 4, 4, 4, 4, 4, 4]
[3, 3, 3, 3, 3, 3, 3, 4, 4, 4, 4, 4, 4, 4, 6, 6, 6, 6, 4, 4, 4, 4, 4, 4, 4, 3, 3, 3, 3, 3, 3, 3]
[3, 3, 3, 3, 3, 3, 3, 4, 4, 4, 4, 4, 4, 4, 6, 6, 6, 6, 4, 4, 4, 4, 4, 4, 4, 3, 3, 3, 3, 3, 3, 3]
[3, 3, 3, 3, 3, 3, 3, 4, 4, 4, 4, 4, 4, 4, 6, 6, 6, 6, 4, 4, 4, 4, 4, 4, 4, 3, 3, 3, 3, 3, 3, 3]
[3, 3, 3, 3, 3, 3, 3, 4, 4, 4, 4, 4, 4, 4, 6, 6, 6, 6, 4, 4, 4, 4, 4, 4, 4, 3, 3, 3, 3, 3, 3, 3]
[3, 3, 3, 3, 3, 3, 3, 4, 4, 4, 4, 4, 4, 4, 6, 6, 6, 6, 4, 4, 4, 4, 4, 4, 4, 3, 3, 3, 3, 3, 3, 3]
[3, 3, 3, 3, 3, 3, 3, 4, 4, 4, 4, 4, 4, 4, 6, 6, 6, 6, 4, 4, 4, 4, 4, 4, 4, 3, 3, 3, 3, 3, 3, 3]
[3, 3, 3, 3, 3, 3, 3, 4, 4, 4, 4, 4, 4, 4, 6, 6, 6, 6, 4, 4, 4, 4, 4, 4, 4, 3, 3, 3, 3, 3, 3, 3]
[2, 2, 2, 2, 2, 2, 2, 3, 3, 3, 3, 3, 3, 3, 4, 4, 4, 4, 3, 3, 3, 3, 3, 3, 3, 2, 2, 2, 2, 2, 2, 2]
[2, 2, 2, 2, 2, 2, 2, 3, 3, 3, 3, 3, 3, 3, 4, 4, 4, 4, 3, 3, 3, 3, 3, 3, 3, 2, 2, 2, 2, 2, 2, 2]
[2, 2, 2, 2, 2, 2, 2, 3, 3, 3, 3, 3, 3, 3, 4, 4, 4, 4, 3, 3, 3, 3, 3, 3, 3, 2, 2, 2, 2, 2, 2, 2]
[2, 2, 2, 2, 2, 2, 2, 3, 3, 3, 3, 3, 3, 3, 4, 4, 4, 4, 3, 3, 3, 3, 3, 3, 3, 2, 2, 2, 2, 2, 2, 2]
[2, 2, 2, 2, 2, 2, 2, 3, 3, 3, 3, 3, 3, 3, 4, 4, 4, 4, 3, 3, 3, 3, 3, 3, 3, 2, 2, 2, 2, 2, 2, 2]
[2, 2, 2, 2, 2, 2, 2, 3, 3, 3, 3, 3, 3, 3, 4, 4, 4, 4, 3, 3, 3, 3, 3, 3, 3, 2, 2, 2, 2, 2, 2, 2]
[2, 2, 2, 2, 2, 2, 2, 3, 3, 3, 3, 3, 3, 3, 4, 4, 4, 4, 3, 3, 3, 3, 3, 3, 3, 2, 2, 2, 2, 2, 2, 2]
Edges: 1800
Moves: 3600
Max Clique Size: 2
Number of Max Cliques: 1800
Number of Connected Components: 49
Connected Components Spatial Distribution
[ 7,19,14,15,48,42, 6, 7,19,14,15,48,42, 6, 7,19,14,15,48,42, 6, 7,19,14,15,48,42, 6, 7,19,14,15]
[18,37,39,27,17,31,26,18,37,39,27,17,31,26,18,37,39,27,17,31,26,18,37,39,27,17,31,26,18,37,39,27]
[46,16, 5,25,32,35,28,46,16, 5,25,32,35,28,46,16, 5,25,32,35,28,46,16, 5,25,32,35,28,46,16, 5,25]
[ 1,24,45,38,30, 3,44, 1,24,45,38,30, 3,44, 1,24,45,38,30, 3,44, 1,24,45,38,30, 3,44, 1,24,45,38]
[ 9,20,34,36,40, 8, 4, 9,20,34,36,40, 8, 4, 9,20,34,36,40, 8, 4, 9,20,34,36,40, 8, 4, 9,20,34,36]
[41,10,12,43,11,23,49,41,10,12,43,11,23,49,41,10,12,43,11,23,49,41,10,12,43,11,23,49,41,10,12,43]
[13,33,22, 2,47,29,21,13,33,22, 2,47,29,21,13,33,22, 2,47,29,21,13,33,22, 2,47,29,21,13,33,22, 2]
[ 7,19,14,15,48,42, 6, 7,19,14,15,48,42, 6, 7,19,14,15,48,42, 6, 7,19,14,15,48,42, 6, 7,19,14,15]
[18,37,39,27,17,31,26,18,37,39,27,17,31,26,18,37,39,27,17,31,26,18,37,39,27,17,31,26,18,37,39,27]
[46,16, 5,25,32,35,28,46,16, 5,25,32,35,28,46,16, 5,25,32,35,28,46,16, 5,25,32,35,28,46,16, 5,25]
[ 1,24,45,38,30, 3,44, 1,24,45,38,30, 3,44, 1,24,45,38,30, 3,44, 1,24,45,38,30, 3,44, 1,24,45,38]
[ 9,20,34,36,40, 8, 4, 9,20,34,36,40, 8, 4, 9,20,34,36,40, 8, 4, 9,20,34,36,40, 8, 4, 9,20,34,36]
[41,10,12,43,11,23,49,41,10,12,43,11,23,49,41,10,12,43,11,23,49,41,10,12,43,11,23,49,41,10,12,43]
[13,33,22, 2,47,29,21,13,33,22, 2,47,29,21,13,33,22, 2,47,29,21,13,33,22, 2,47,29,21,13,33,22, 2]
[ 7,19,14,15,48,42, 6, 7,19,14,15,48,42, 6, 7,19,14,15,48,42, 6, 7,19,14,15,48,42, 6, 7,19,14,15]
[18,37,39,27,17,31,26,18,37,39,27,17,31,26,18,37,39,27,17,31,26,18,37,39,27,17,31,26,18,37,39,27]
[46,16, 5,25,32,35,28,46,16, 5,25,32,35,28,46,16, 5,25,32,35,28,46,16, 5,25,32,35,28,46,16, 5,25]
[ 1,24,45,38,30, 3,44, 1,24,45,38,30, 3,44, 1,24,45,38,30, 3,44, 1,24,45,38,30, 3,44, 1,24,45,38]
[ 9,20,34,36,40, 8, 4, 9,20,34,36,40, 8, 4, 9,20,34,36,40, 8, 4, 9,20,34,36,40, 8, 4, 9,20,34,36]
[41,10,12,43,11,23,49,41,10,12,43,11,23,49,41,10,12,43,11,23,49,41,10,12,43,11,23,49,41,10,12,43]
[13,33,22, 2,47,29,21,13,33,22, 2,47,29,21,13,33,22, 2,47,29,21,13,33,22, 2,47,29,21,13,33,22, 2]
[ 7,19,14,15,48,42, 6, 7,19,14,15,48,42, 6, 7,19,14,15,48,42, 6, 7,19,14,15,48,42, 6, 7,19,14,15]
[18,37,39,27,17,31,26,18,37,39,27,17,31,26,18,37,39,27,17,31,26,18,37,39,27,17,31,26,18,37,39,27]
[46,16, 5,25,32,35,28,46,16, 5,25,32,35,28,46,16, 5,25,32,35,28,46,16, 5,25,32,35,28,46,16, 5,25]
[ 1,24,45,38,30, 3,44, 1,24,45,38,30, 3,44, 1,24,45,38,30, 3,44, 1,24,45,38,30, 3,44, 1,24,45,38]
[ 9,20,34,36,40, 8, 4, 9,20,34,36,40, 8, 4, 9,20,34,36,40, 8, 4, 9,20,34,36,40, 8, 4, 9,20,34,36]
[41,10,12,43,11,23,49,41,10,12,43,11,23,49,41,10,12,43,11,23,49,41,10,12,43,11,23,49,41,10,12,43]
[13,33,22, 2,47,29,21,13,33,22, 2,47,29,21,13,33,22, 2,47,29,21,13,33,22, 2,47,29,21,13,33,22, 2]
[ 7,19,14,15,48,42, 6, 7,19,14,15,48,42, 6, 7,19,14,15,48,42, 6, 7,19,14,15,48,42, 6, 7,19,14,15]
[18,37,39,27,17,31,26,18,37,39,27,17,31,26,18,37,39,27,17,31,26,18,37,39,27,17,31,26,18,37,39,27]
[46,16, 5,25,32,35,28,46,16, 5,25,32,35,28,46,16, 5,25,32,35,28,46,16, 5,25,32,35,28,46,16, 5,25]
[ 1,24,45,38,30, 3,44, 1,24,45,38,30, 3,44, 1,24,45,38,30, 3,44, 1,24,45,38,30, 3,44, 1,24,45,38]
