[d, p, q] = [24, 1, 23]
196,0,508,64,256
Degree Spatial distribution
[2, 3, 3, 3, 3, 3, 3, 3, 3, 2, 2, 2, 2, 2, 2, 2, 2, 2, 2, 2, 2, 2, 2, 3, 3, 3, 3, 3, 3, 3, 3, 2]
[3, 4, 4, 4, 4, 4, 4, 4, 4, 2, 2, 2, 2, 2, 2, 2, 2, 2, 2, 2, 2, 2, 2, 4, 4, 4, 4, 4, 4, 4, 4, 3]
[3, 4, 4, 4, 4, 4, 4, 4, 4, 2, 2, 2, 2, 2, 2, 2, 2, 2, 2, 2, 2, 2, 2, 4, 4, 4, 4, 4, 4, 4, 4, 3]
[3, 4, 4, 4, 4, 4, 4, 4, 4, 2, 2, 2, 2, 2, 2, 2, 2, 2, 2, 2, 2, 2, 2, 4, 4, 4, 4, 4, 4, 4, 4, 3]
[3, 4, 4, 4, 4, 4, 4, 4, 4, 2, 2, 2, 2, 2, 2, 2, 2, 2, 2, 2, 2, 2, 2, 4, 4, 4, 4, 4, 4, 4, 4, 3]
[3, 4, 4, 4, 4, 4, 4, 4, 4, 2, 2, 2, 2, 2, 2, 2, 2, 2, 2, 2, 2, 2, 2, 4, 4, 4, 4, 4, 4, 4, 4, 3]
[3, 4, 4, 4, 4, 4, 4, 4, 4, 2, 2, 2, 2, 2, 2, 2, 2, 2, 2, 2, 2, 2, 2, 4, 4, 4, 4, 4, 4, 4, 4, 3]
[3, 4, 4, 4, 4, 4, 4, 4, 4, 2, 2, 2, 2, 2, 2, 2, 2, 2, 2, 2, 2, 2, 2, 4, 4, 4, 4, 4, 4, 4, 4, 3]
[3, 4, 4, 4, 4, 4, 4, 4, 4, 2, 2, 2, 2, 2, 2, 2, 2, 2, 2, 2, 2, 2, 2, 4, 4, 4, 4, 4, 4, 4, 4, 3]
[2, 2, 2, 2, 2, 2, 2, 2, 2, 0, 0, 0, 0, 0, 0, 0, 0, 0, 0, 0, 0, 0, 0, 2, 2, 2, 2, 2, 2, 2, 2, 2]
[2, 2, 2, 2, 2, 2, 2, 2, 2, 0, 0, 0, 0, 0, 0, 0, 0, 0, 0, 0, 0, 0, 0, 2, 2, 2, 2, 2, 2, 2, 2, 2]
[2, 2, 2, 2, 2, 2, 2, 2, 2, 0, 0, 0, 0, 0, 0, 0, 0, 0, 0, 0, 0, 0, 0, 2, 2, 2, 2, 2, 2, 2, 2, 2]
[2, 2, 2, 2, 2, 2, 2, 2, 2, 0, 0, 0, 0, 0, 0, 0, 0, 0, 0, 0, 0, 0, 0, 2, 2, 2, 2, 2, 2, 2, 2, 2]
[2, 2, 2, 2, 2, 2, 2, 2, 2, 0, 0, 0, 0, 0, 0, 0, 0, 0, 0, 0, 0, 0, 0, 2, 2, 2, 2, 2, 2, 2, 2, 2]
[2, 2, 2, 2, 2, 2, 2, 2, 2, 0, 0, 0, 0, 0, 0, 0, 0, 0, 0, 0, 0, 0, 0, 2, 2, 2, 2, 2, 2, 2, 2, 2]
[2, 2, 2, 2, 2, 2, 2, 2, 2, 0, 0, 0, 0, 0, 0, 0, 0, 0, 0, 0, 0, 0, 0, 2, 2, 2, 2, 2, 2, 2, 2, 2]
[2, 2, 2, 2, 2, 2, 2, 2, 2, 0, 0, 0, 0, 0, 0, 0, 0, 0, 0, 0, 0, 0, 0, 2, 2, 2, 2, 2, 2, 2, 2, 2]
[2, 2, 2, 2, 2, 2, 2, 2, 2, 0, 0, 0, 0, 0, 0, 0, 0, 0, 0, 0, 0, 0, 0, 2, 2, 2, 2, 2, 2, 2, 2, 2]
[2, 2, 2, 2, 2, 2, 2, 2, 2, 0, 0, 0, 0, 0, 0, 0, 0, 0, 0, 0, 0, 0, 0, 2, 2, 2, 2, 2, 2, 2, 2, 2]
[2, 2, 2, 2, 2, 2, 2, 2, 2, 0, 0, 0, 0, 0, 0, 0, 0, 0, 0, 0, 0, 0, 0, 2, 2, 2, 2, 2, 2, 2, 2, 2]
[2, 2, 2, 2, 2, 2, 2, 2, 2, 0, 0, 0, 0, 0, 0, 0, 0, 0, 0, 0, 0, 0, 0, 2, 2, 2, 2, 2, 2, 2, 2, 2]
[2, 2, 2, 2, 2, 2, 2, 2, 2, 0, 0, 0, 0, 0, 0, 0, 0, 0, 0, 0, 0, 0, 0, 2, 2, 2, 2, 2, 2, 2, 2, 2]
[2, 2, 2, 2, 2, 2, 2, 2, 2, 0, 0, 0, 0, 0, 0, 0, 0, 0, 0, 0, 0, 0, 0, 2, 2, 2, 2, 2, 2, 2, 2, 2]
[3, 4, 4, 4, 4, 4, 4, 4, 4, 2, 2, 2, 2, 2, 2, 2, 2, 2, 2, 2, 2, 2, 2, 4, 4, 4, 4, 4, 4, 4, 4, 3]
[3, 4, 4, 4, 4, 4, 4, 4, 4, 2, 2, 2, 2, 2, 2, 2, 2, 2, 2, 2, 2, 2, 2, 4, 4, 4, 4, 4, 4, 4, 4, 3]
[3, 4, 4, 4, 4, 4, 4, 4, 4, 2, 2, 2, 2, 2, 2, 2, 2, 2, 2, 2, 2, 2, 2, 4, 4, 4, 4, 4, 4, 4, 4, 3]
[3, 4, 4, 4, 4, 4, 4, 4, 4, 2, 2, 2, 2, 2, 2, 2, 2, 2, 2, 2, 2, 2, 2, 4, 4, 4, 4, 4, 4, 4, 4, 3]
[3, 4, 4, 4, 4, 4, 4, 4, 4, 2, 2, 2, 2, 2, 2, 2, 2, 2, 2, 2, 2, 2, 2, 4, 4, 4, 4, 4, 4, 4, 4, 3]
[3, 4, 4, 4, 4, 4, 4, 4, 4, 2, 2, 2, 2, 2, 2, 2, 2, 2, 2, 2, 2, 2, 2, 4, 4, 4, 4, 4, 4, 4, 4, 3]
[3, 4, 4, 4, 4, 4, 4, 4, 4, 2, 2, 2, 2, 2, 2, 2, 2, 2, 2, 2, 2, 2, 2, 4, 4, 4, 4, 4, 4, 4, 4, 3]
[3, 4, 4, 4, 4, 4, 4, 4, 4, 2, 2, 2, 2, 2, 2, 2, 2, 2, 2, 2, 2, 2, 2, 4, 4, 4, 4, 4, 4, 4, 4, 3]
[2, 3, 3, 3, 3, 3, 3, 3, 3, 2, 2, 2, 2, 2, 2, 2, 2, 2, 2, 2, 2, 2, 2, 3, 3, 3, 3, 3, 3, 3, 3, 2]
Edges: 1116
Moves: 2232
Max Clique Size: 2
Number of Max Cliques: 1312
Number of Connected Components: 198
Connected Components Spatial Distribution
[  1,  2,  1,  2,  1,  2,  1,  2,  1,  2,  1,  2,  1,  2,  1,  2,  1,  2,  1,  2,  1,  2,  1,  2,  1,  2,  1,  2,  1,  2,  1,  2]
[  2,  1,  2,  1,  2,  1,  2,  1,  2,  1,  2,  1,  2,  1,  2,  1,  2,  1,  2,  1,  2,  1,  2,  1,  2,  1,  2,  1,  2,  1,  2,  1]
[  1,  2,  1,  2,  1,  2,  1,  2,  1,  2,  1,  2,  1,  2,  1,  2,  1,  2,  1,  2,  1,  2,  1,  2,  1,  2,  1,  2,  1,  2,  1,  2]
[  2,  1,  2,  1,  2,  1,  2,  1,  2,  1,  2,  1,  2,  1,  2,  1,  2,  1,  2,  1,  2,  1,  2,  1,  2,  1,  2,  1,  2,  1,  2,  1]
[  1,  2,  1,  2,  1,  2,  1,  2,  1,  2,  1,  2,  1,  2,  1,  2,  1,  2,  1,  2,  1,  2,  1,  2,  1,  2,  1,  2,  1,  2,  1,  2]
[  2,  1,  2,  1,  2,  1,  2,  1,  2,  1,  2,  1,  2,  1,  2,  1,  2,  1,  2,  1,  2,  1,  2,  1,  2,  1,  2,  1,  2,  1,  2,  1]
[  1,  2,  1,  2,  1,  2,  1,  2,  1,  2,  1,  2,  1,  2,  1,  2,  1,  2,  1,  2,  1,  2,  1,  2,  1,  2,  1,  2,  1,  2,  1,  2]
[  2,  1,  2,  1,  2,  1,  2,  1,  2,  1,  2,  1,  2,  1,  2,  1,  2,  1,  2,  1,  2,  1,  2,  1,  2,  1,  2,  1,  2,  1,  2,  1]
[  1,  2,  1,  2,  1,  2,  1,  2,  1,  2,  1,  2,  1,  2,  1,  2,  1,  2,  1,  2,  1,  2,  1,  2,  1,  2,  1,  2,  1,  2,  1,  2]
[  2,  1,  2,  1,  2,  1,  2,  1,  2, 16, 24,118,131, 76,130, 75,  3,147,155,146,154,101, 64,  1,  2,  1,  2,  1,  2,  1,  2,  1]
[  1,  2,  1,  2,  1,  2,  1,  2,  1, 94, 72, 65, 49,163,181, 28,113, 37, 13, 88, 69,186,117,  2,  1,  2,  1,  2,  1,  2,  1,  2]
[  2,  1,  2,  1,  2,  1,  2,  1,  2,179,188,150,161, 52, 96,105, 36,114,124,173,185, 70, 40,  1,  2,  1,  2,  1,  2,  1,  2,  1]
[  1,  2,  1,  2,  1,  2,  1,  2,  1,187, 46, 95,151,133, 73,132,145,122,177,121,176,156, 15,  2,  1,  2,  1,  2,  1,  2,  1,  2]
[  2,  1,  2,  1,  2,  1,  2,  1,  2, 71,158,180, 66, 21,190, 20, 62, 11, 92, 10, 91, 44,126,  1,  2,  1,  2,  1,  2,  1,  2,  1]
[  1,  2,  1,  2,  1,  2,  1,  2,  1,157, 17,128,182, 98, 48,162,172, 89,149,153, 12,125,178,  2,  1,  2,  1,  2,  1,  2,  1,  2]
[  2,  1,  2,  1,  2,  1,  2,  1,  2, 45,127, 18, 97,183,160, 51, 87,174, 63, 43,123, 14, 93,  1,  2,  1,  2,  1,  2,  1,  2,  1]
[  1,  2,  1,  2,  1,  2,  1,  2,  1,159,137,112, 85, 67,136,111,165,141,116,184,164,140,115,  2,  1,  2,  1,  2,  1,  2,  1,  2]
[  2,  1,  2,  1,  2,  1,  2,  1,  2, 47, 56,198,  8,152, 55,197, 79, 31, 39, 68, 78, 30, 38,  1,  2,  1,  2,  1,  2,  1,  2,  1]
[  1,  2,  1,  2,  1,  2,  1,  2,  1,129,104,143,119, 42,103,142,193,109, 84, 22,192,108, 83,  2,  1,  2,  1,  2,  1,  2,  1,  2]
[  2,  1,  2,  1,  2,  1,  2,  1,  2, 19, 27, 34, 41,120, 26, 33,107,195,  6, 99,106,194,  5,  1,  2,  1,  2,  1,  2,  1,  2,  1]
[  1,  2,  1,  2,  1,  2,  1,  2,  1, 25, 74,170, 35,  9,196, 57, 29,  4, 59, 53,100, 80,175,  2,  1,  2,  1,  2,  1,  2,  1,  2]
[  2,  1,  2,  1,  2,  1,  2,  1,  2,102,191, 60,144, 86,110,138,139, 82,169,134, 23,166, 90,  1,  2,  1,  2,  1,  2,  1,  2,  1]
[  1,  2,  1,  2,  1,  2,  1,  2,  1,189, 50,  7, 61,171,167, 81, 58,168, 32, 77,135, 54,148,  2,  1,  2,  1,  2,  1,  2,  1,  2]
[  2,  1,  2,  1,  2,  1,  2,  1,  2,  1,  2,  1,  2,  1,  2,  1,  2,  1,  2,  1,  2,  1,  2,  1,  2,  1,  2,  1,  2,  1,  2,  1]
[  1,  2,  1,  2,  1,  2,  1,  2,  1,  2,  1,  2,  1,  2,  1,  2,  1,  2,  1,  2,  1,  2,  1,  2,  1,  2,  1,  2,  1,  2,  1,  2]
[  2,  1,  2,  1,  2,  1,  2,  1,  2,  1,  2,  1,  2,  1,  2,  1,  2,  1,  2,  1,  2,  1,  2,  1,  2,  1,  2,  1,  2,  1,  2,  1]
[  1,  2,  1,  2,  1,  2,  1,  2,  1,  2,  1,  2,  1,  2,  1,  2,  1,  2,  1,  2,  1,  2,  1,  2,  1,  2,  1,  2,  1,  2,  1,  2]
[  2,  1,  2,  1,  2,  1,  2,  1,  2,  1,  2,  1,  2,  1,  2,  1,  2,  1,  2,  1,  2,  1,  2,  1,  2,  1,  2,  1,  2,  1,  2,  1]
[  1,  2,  1,  2,  1,  2,  1,  2,  1,  2,  1,  2,  1,  2,  1,  2,  1,  2,  1,  2,  1,  2,  1,  2,  1,  2,  1,  2,  1,  2,  1,  2]
[  2,  1,  2,  1,  2,  1,  2,  1,  2,  1,  2,  1,  2,  1,  2,  1,  2,  1,  2,  1,  2,  1,  2,  1,  2,  1,  2,  1,  2,  1,  2,  1]
[  1,  2,  1,  2,  1,  2,  1,  2,  1,  2,  1,  2,  1,  2,  1,  2,  1,  2,  1,  2,  1,  2,  1,  2,  1,  2,  1,  2,  1,  2,  1,  2]
[  2,  1,  2,  1,  2,  1,  2,  1,  2,  1,  2,  1,  2,  1,  2,  1,  2,  1,  2,  1,  2,  1,  2,  1,  2,  1,  2,  1,  2,  1,  2,  1]
