[d, p, q] = [24, 2, 22]
144,0,496,128,256
Degree Spatial distribution
[2, 2, 3, 3, 3, 3, 3, 3, 3, 3, 2, 2, 2, 2, 2, 2, 2, 2, 2, 2, 2, 2, 3, 3, 3, 3, 3, 3, 3, 3, 2, 2]
[2, 2, 3, 3, 3, 3, 3, 3, 3, 3, 2, 2, 2, 2, 2, 2, 2, 2, 2, 2, 2, 2, 3, 3, 3, 3, 3, 3, 3, 3, 2, 2]
[3, 3, 4, 4, 4, 4, 4, 4, 4, 4, 2, 2, 2, 2, 2, 2, 2, 2, 2, 2, 2, 2, 4, 4, 4, 4, 4, 4, 4, 4, 3, 3]
[3, 3, 4, 4, 4, 4, 4, 4, 4, 4, 2, 2, 2, 2, 2, 2, 2, 2, 2, 2, 2, 2, 4, 4, 4, 4, 4, 4, 4, 4, 3, 3]
[3, 3, 4, 4, 4, 4, 4, 4, 4, 4, 2, 2, 2, 2, 2, 2, 2, 2, 2, 2, 2, 2, 4, 4, 4, 4, 4, 4, 4, 4, 3, 3]
[3, 3, 4, 4, 4, 4, 4, 4, 4, 4, 2, 2, 2, 2, 2, 2, 2, 2, 2, 2, 2, 2, 4, 4, 4, 4, 4, 4, 4, 4, 3, 3]
[3, 3, 4, 4, 4, 4, 4, 4, 4, 4, 2, 2, 2, 2, 2, 2, 2, 2, 2, 2, 2, 2, 4, 4, 4, 4, 4, 4, 4, 4, 3, 3]
[3, 3, 4, 4, 4, 4, 4, 4, 4, 4, 2, 2, 2, 2, 2, 2, 2, 2, 2, 2, 2, 2, 4, 4, 4, 4, 4, 4, 4, 4, 3, 3]
[3, 3, 4, 4, 4, 4, 4, 4, 4, 4, 2, 2, 2, 2, 2, 2, 2, 2, 2, 2, 2, 2, 4, 4, 4, 4, 4, 4, 4, 4, 3, 3]
[3, 3, 4, 4, 4, 4, 4, 4, 4, 4, 2, 2, 2, 2, 2, 2, 2, 2, 2, 2, 2, 2, 4, 4, 4, 4, 4, 4, 4, 4, 3, 3]
[2, 2, 2, 2, 2, 2, 2, 2, 2, 2, 0, 0, 0, 0, 0, 0, 0, 0, 0, 0, 0, 0, 2, 2, 2, 2, 2, 2, 2, 2, 2, 2]
[2, 2, 2, 2, 2, 2, 2, 2, 2, 2, 0, 0, 0, 0, 0, 0, 0, 0, 0, 0, 0, 0, 2, 2, 2, 2, 2, 2, 2, 2, 2, 2]
[2, 2, 2, 2, 2, 2, 2, 2, 2, 2, 0, 0, 0, 0, 0, 0, 0, 0, 0, 0, 0, 0, 2, 2, 2, 2, 2, 2, 2, 2, 2, 2]
[2, 2, 2, 2, 2, 2, 2, 2, 2, 2, 0, 0, 0, 0, 0, 0, 0, 0, 0, 0, 0, 0, 2, 2, 2, 2, 2, 2, 2, 2, 2, 2]
[2, 2, 2, 2, 2, 2, 2, 2, 2, 2, 0, 0, 0, 0, 0, 0, 0, 0, 0, 0, 0, 0, 2, 2, 2, 2, 2, 2, 2, 2, 2, 2]
[2, 2, 2, 2, 2, 2, 2, 2, 2, 2, 0, 0, 0, 0, 0, 0, 0, 0, 0, 0, 0, 0, 2, 2, 2, 2, 2, 2, 2, 2, 2, 2]
[2, 2, 2, 2, 2, 2, 2, 2, 2, 2, 0, 0, 0, 0, 0, 0, 0, 0, 0, 0, 0, 0, 2, 2, 2, 2, 2, 2, 2, 2, 2, 2]
[2, 2, 2, 2, 2, 2, 2, 2, 2, 2, 0, 0, 0, 0, 0, 0, 0, 0, 0, 0, 0, 0, 2, 2, 2, 2, 2, 2, 2, 2, 2, 2]
[2, 2, 2, 2, 2, 2, 2, 2, 2, 2, 0, 0, 0, 0, 0, 0, 0, 0, 0, 0, 0, 0, 2, 2, 2, 2, 2, 2, 2, 2, 2, 2]
[2, 2, 2, 2, 2, 2, 2, 2, 2, 2, 0, 0, 0, 0, 0, 0, 0, 0, 0, 0, 0, 0, 2, 2, 2, 2, 2, 2, 2, 2, 2, 2]
[2, 2, 2, 2, 2, 2, 2, 2, 2, 2, 0, 0, 0, 0, 0, 0, 0, 0, 0, 0, 0, 0, 2, 2, 2, 2, 2, 2, 2, 2, 2, 2]
[2, 2, 2, 2, 2, 2, 2, 2, 2, 2, 0, 0, 0, 0, 0, 0, 0, 0, 0, 0, 0, 0, 2, 2, 2, 2, 2, 2, 2, 2, 2, 2]
[3, 3, 4, 4, 4, 4, 4, 4, 4, 4, 2, 2, 2, 2, 2, 2, 2, 2, 2, 2, 2, 2, 4, 4, 4, 4, 4, 4, 4, 4, 3, 3]
[3, 3, 4, 4, 4, 4, 4, 4, 4, 4, 2, 2, 2, 2, 2, 2, 2, 2, 2, 2, 2, 2, 4, 4, 4, 4, 4, 4, 4, 4, 3, 3]
[3, 3, 4, 4, 4, 4, 4, 4, 4, 4, 2, 2, 2, 2, 2, 2, 2, 2, 2, 2, 2, 2, 4, 4, 4, 4, 4, 4, 4, 4, 3, 3]
[3, 3, 4, 4, 4, 4, 4, 4, 4, 4, 2, 2, 2, 2, 2, 2, 2, 2, 2, 2, 2, 2, 4, 4, 4, 4, 4, 4, 4, 4, 3, 3]
[3, 3, 4, 4, 4, 4, 4, 4, 4, 4, 2, 2, 2, 2, 2, 2, 2, 2, 2, 2, 2, 2, 4, 4, 4, 4, 4, 4, 4, 4, 3, 3]
[3, 3, 4, 4, 4, 4, 4, 4, 4, 4, 2, 2, 2, 2, 2, 2, 2, 2, 2, 2, 2, 2, 4, 4, 4, 4, 4, 4, 4, 4, 3, 3]
[3, 3, 4, 4, 4, 4, 4, 4, 4, 4, 2, 2, 2, 2, 2, 2, 2, 2, 2, 2, 2, 2, 4, 4, 4, 4, 4, 4, 4, 4, 3, 3]
[3, 3, 4, 4, 4, 4, 4, 4, 4, 4, 2, 2, 2, 2, 2, 2, 2, 2, 2, 2, 2, 2, 4, 4, 4, 4, 4, 4, 4, 4, 3, 3]
[2, 2, 3, 3, 3, 3, 3, 3, 3, 3, 2, 2, 2, 2, 2, 2, 2, 2, 2, 2, 2, 2, 3, 3, 3, 3, 3, 3, 3, 3, 2, 2]
[2, 2, 3, 3, 3, 3, 3, 3, 3, 3, 2, 2, 2, 2, 2, 2, 2, 2, 2, 2, 2, 2, 3, 3, 3, 3, 3, 3, 3, 3, 2, 2]
Edges: 1200
Moves: 2400
Max Clique Size: 2
Number of Max Cliques: 1344
Number of Connected Components: 152
Connected Components Spatial Distribution
[ 12,  2,  5,  6, 12,  2,  5,  6, 12,  2,  5,  6, 12,  2,  5,  6, 12,  2,  5,  6, 12,  2,  5,  6, 12,  2,  5,  6, 12,  2,  5,  6]
[  4,  1,  8,  3,  4,  1,  8,  3,  4,  1,  8,  3,  4,  1,  8,  3,  4,  1,  8,  3,  4,  1,  8,  3,  4,  1,  8,  3,  4,  1,  8,  3]
[  5,  6, 12,  2,  5,  6, 12,  2,  5,  6, 12,  2,  5,  6, 12,  2,  5,  6, 12,  2,  5,  6, 12,  2,  5,  6, 12,  2,  5,  6, 12,  2]
[  8,  3,  4,  1,  8,  3,  4,  1,  8,  3,  4,  1,  8,  3,  4,  1,  8,  3,  4,  1,  8,  3,  4,  1,  8,  3,  4,  1,  8,  3,  4,  1]
[ 12,  2,  5,  6, 12,  2,  5,  6, 12,  2,  5,  6, 12,  2,  5,  6, 12,  2,  5,  6, 12,  2,  5,  6, 12,  2,  5,  6, 12,  2,  5,  6]
[  4,  1,  8,  3,  4,  1,  8,  3,  4,  1,  8,  3,  4,  1,  8,  3,  4,  1,  8,  3,  4,  1,  8,  3,  4,  1,  8,  3,  4,  1,  8,  3]
[  5,  6, 12,  2,  5,  6, 12,  2,  5,  6, 12,  2,  5,  6, 12,  2,  5,  6, 12,  2,  5,  6, 12,  2,  5,  6, 12,  2,  5,  6, 12,  2]
[  8,  3,  4,  1,  8,  3,  4,  1,  8,  3,  4,  1,  8,  3,  4,  1,  8,  3,  4,  1,  8,  3,  4,  1,  8,  3,  4,  1,  8,  3,  4,  1]
[ 12,  2,  5,  6, 12,  2,  5,  6, 12,  2,  5,  6, 12,  2,  5,  6, 12,  2,  5,  6, 12,  2,  5,  6, 12,  2,  5,  6, 12,  2,  5,  6]
[  4,  1,  8,  3,  4,  1,  8,  3,  4,  1,  8,  3,  4,  1,  8,  3,  4,  1,  8,  3,  4,  1,  8,  3,  4,  1,  8,  3,  4,  1,  8,  3]
[  5,  6, 12,  2,  5,  6, 12,  2,  5,  6, 59, 53, 42,125,137, 26, 90, 34, 16, 70, 57,142, 12,  2,  5,  6, 12,  2,  5,  6, 12,  2]
[  8,  3,  4,  1,  8,  3,  4,  1,  8,  3,143,116,123, 44, 75, 82, 33, 91, 98,132,141, 58,  4,  1,  8,  3,  4,  1,  8,  3,  4,  1]
[ 12,  2,  5,  6, 12,  2,  5,  6, 12,  2, 40, 74,117,103, 60,102,114, 96,135, 95,134,120,  5,  6, 12,  2,  5,  6, 12,  2,  5,  6]
[  4,  1,  8,  3,  4,  1,  8,  3,  4,  1,121,136, 54, 21,144, 20, 51, 14, 73, 13, 72, 39,  8,  3,  4,  1,  8,  3,  4,  1,  8,  3]
[  5,  6, 12,  2,  5,  6, 12,  2,  5,  6, 18,101,138, 77, 41,124,131, 71,115,119, 15, 99, 12,  2,  5,  6, 12,  2,  5,  6, 12,  2]
[  8,  3,  4,  1,  8,  3,  4,  1,  8,  3,100, 19, 76,139,122, 43, 69,133, 52, 38, 97, 17,  4,  1,  8,  3,  4,  1,  8,  3,  4,  1]
[ 12,  2,  5,  6, 12,  2,  5,  6, 12,  2,106, 89, 67, 55,105, 88,127,110, 92,140,126,109,  5,  6, 12,  2,  5,  6, 12,  2,  5,  6]
[  4,  1,  8,  3,  4,  1,  8,  3,  4,  1, 47,152, 10,118, 46,151, 63, 29, 35, 56, 62, 28,  8,  3,  4,  1,  8,  3,  4,  1,  8,  3]
[  5,  6, 12,  2,  5,  6, 12,  2,  5,  6, 81,112, 93, 37, 80,111,147, 86, 66, 22,146, 85, 12,  2,  5,  6, 12,  2,  5,  6, 12,  2]
[  8,  3,  4,  1,  8,  3,  4,  1,  8,  3, 25, 31, 36, 94, 24, 30, 84,149,  9, 78, 83,148,  4,  1,  8,  3,  4,  1,  8,  3,  4,  1]
[ 12,  2,  5,  6, 12,  2,  5,  6, 12,  2, 61,130, 32, 11,150, 48, 27,  7, 49, 45, 79, 64,  5,  6, 12,  2,  5,  6, 12,  2,  5,  6]
[  4,  1,  8,  3,  4,  1,  8,  3,  4,  1,145, 50,113, 68, 87,107,108, 65,129,104, 23,128,  8,  3,  4,  1,  8,  3,  4,  1,  8,  3]
[  5,  6, 12,  2,  5,  6, 12,  2,  5,  6, 12,  2,  5,  6, 12,  2,  5,  6, 12,  2,  5,  6, 12,  2,  5,  6, 12,  2,  5,  6, 12,  2]
[  8,  3,  4,  1,  8,  3,  4,  1,  8,  3,  4,  1,  8,  3,  4,  1,  8,  3,  4,  1,  8,  3,  4,  1,  8,  3,  4,  1,  8,  3,  4,  1]
[ 12,  2,  5,  6, 12,  2,  5,  6, 12,  2,  5,  6, 12,  2,  5,  6, 12,  2,  5,  6, 12,  2,  5,  6, 12,  2,  5,  6, 12,  2,  5,  6]
[  4,  1,  8,  3,  4,  1,  8,  3,  4,  1,  8,  3,  4,  1,  8,  3,  4,  1,  8,  3,  4,  1,  8,  3,  4,  1,  8,  3,  4,  1,  8,  3]
[  5,  6, 12,  2,  5,  6, 12,  2,  5,  6, 12,  2,  5,  6, 12,  2,  5,  6, 12,  2,  5,  6, 12,  2,  5,  6, 12,  2,  5,  6, 12,  2]
[  8,  3,  4,  1,  8,  3,  4,  1,  8,  3,  4,  1,  8,  3,  4,  1,  8,  3,  4,  1,  8,  3,  4,  1,  8,  3,  4,  1,  8,  3,  4,  1]
[ 12,  2,  5,  6, 12,  2,  5,  6, 12,  2,  5,  6, 12,  2,  5,  6, 12,  2,  5,  6, 12,  2,  5,  6, 12,  2,  5,  6, 12,  2,  5,  6]
[  4,  1,  8,  3,  4,  1,  8,  3,  4,  1,  8,  3,  4,  1,  8,  3,  4,  1,  8,  3,  4,  1,  8,  3,  4,  1,  8,  3,  4,  1,  8,  3]
[  5,  6, 12,  2,  5,  6, 12,  2,  5,  6, 12,  2,  5,  6, 12,  2,  5,  6, 12,  2,  5,  6, 12,  2,  5,  6, 12,  2,  5,  6, 12,  2]
[  8,  3,  4,  1,  8,  3,  4,  1,  8,  3,  4,  1,  8,  3,  4,  1,  8,  3,  4,  1,  8,  3,  4,  1,  8,  3,  4,  1,  8,  3,  4,  1]
