[d, p, q] = [24, 4, 20]
64,0,448,256,256
Degree Spatial distribution
[2, 2, 2, 2, 3, 3, 3, 3, 3, 3, 3, 3, 2, 2, 2, 2, 2, 2, 2, 2, 3, 3, 3, 3, 3, 3, 3, 3, 2, 2, 2, 2]
[2, 2, 2, 2, 3, 3, 3, 3, 3, 3, 3, 3, 2, 2, 2, 2, 2, 2, 2, 2, 3, 3, 3, 3, 3, 3, 3, 3, 2, 2, 2, 2]
[2, 2, 2, 2, 3, 3, 3, 3, 3, 3, 3, 3, 2, 2, 2, 2, 2, 2, 2, 2, 3, 3, 3, 3, 3, 3, 3, 3, 2, 2, 2, 2]
[2, 2, 2, 2, 3, 3, 3, 3, 3, 3, 3, 3, 2, 2, 2, 2, 2, 2, 2, 2, 3, 3, 3, 3, 3, 3, 3, 3, 2, 2, 2, 2]
[3, 3, 3, 3, 4, 4, 4, 4, 4, 4, 4, 4, 2, 2, 2, 2, 2, 2, 2, 2, 4, 4, 4, 4, 4, 4, 4, 4, 3, 3, 3, 3]
[3, 3, 3, 3, 4, 4, 4, 4, 4, 4, 4, 4, 2, 2, 2, 2, 2, 2, 2, 2, 4, 4, 4, 4, 4, 4, 4, 4, 3, 3, 3, 3]
[3, 3, 3, 3, 4, 4, 4, 4, 4, 4, 4, 4, 2, 2, 2, 2, 2, 2, 2, 2, 4, 4, 4, 4, 4, 4, 4, 4, 3, 3, 3, 3]
[3, 3, 3, 3, 4, 4, 4, 4, 4, 4, 4, 4, 2, 2, 2, 2, 2, 2, 2, 2, 4, 4, 4, 4, 4, 4, 4, 4, 3, 3, 3, 3]
[3, 3, 3, 3, 4, 4, 4, 4, 4, 4, 4, 4, 2, 2, 2, 2, 2, 2, 2, 2, 4, 4, 4, 4, 4, 4, 4, 4, 3, 3, 3, 3]
[3, 3, 3, 3, 4, 4, 4, 4, 4, 4, 4, 4, 2, 2, 2, 2, 2, 2, 2, 2, 4, 4, 4, 4, 4, 4, 4, 4, 3, 3, 3, 3]
[3, 3, 3, 3, 4, 4, 4, 4, 4, 4, 4, 4, 2, 2, 2, 2, 2, 2, 2, 2, 4, 4, 4, 4, 4, 4, 4, 4, 3, 3, 3, 3]
[3, 3, 3, 3, 4, 4, 4, 4, 4, 4, 4, 4, 2, 2, 2, 2, 2, 2, 2, 2, 4, 4, 4, 4, 4, 4, 4, 4, 3, 3, 3, 3]
[2, 2, 2, 2, 2, 2, 2, 2, 2, 2, 2, 2, 0, 0, 0, 0, 0, 0, 0, 0, 2, 2, 2, 2, 2, 2, 2, 2, 2, 2, 2, 2]
[2, 2, 2, 2, 2, 2, 2, 2, 2, 2, 2, 2, 0, 0, 0, 0, 0, 0, 0, 0, 2, 2, 2, 2, 2, 2, 2, 2, 2, 2, 2, 2]
[2, 2, 2, 2, 2, 2, 2, 2, 2, 2, 2, 2, 0, 0, 0, 0, 0, 0, 0, 0, 2, 2, 2, 2, 2, 2, 2, 2, 2, 2, 2, 2]
[2, 2, 2, 2, 2, 2, 2, 2, 2, 2, 2, 2, 0, 0, 0, 0, 0, 0, 0, 0, 2, 2, 2, 2, 2, 2, 2, 2, 2, 2, 2, 2]
[2, 2, 2, 2, 2, 2, 2, 2, 2, 2, 2, 2, 0, 0, 0, 0, 0, 0, 0, 0, 2, 2, 2, 2, 2, 2, 2, 2, 2, 2, 2, 2]
[2, 2, 2, 2, 2, 2, 2, 2, 2, 2, 2, 2, 0, 0, 0, 0, 0, 0, 0, 0, 2, 2, 2, 2, 2, 2, 2, 2, 2, 2, 2, 2]
[2, 2, 2, 2, 2, 2, 2, 2, 2, 2, 2, 2, 0, 0, 0, 0, 0, 0, 0, 0, 2, 2, 2, 2, 2, 2, 2, 2, 2, 2, 2, 2]
[2, 2, 2, 2, 2, 2, 2, 2, 2, 2, 2, 2, 0, 0, 0, 0, 0, 0, 0, 0, 2, 2, 2, 2, 2, 2, 2, 2, 2, 2, 2, 2]
[3, 3, 3, 3, 4, 4, 4, 4, 4, 4, 4, 4, 2, 2, 2, 2, 2, 2, 2, 2, 4, 4, 4, 4, 4, 4, 4, 4, 3, 3, 3, 3]
[3, 3, 3, 3, 4, 4, 4, 4, 4, 4, 4, 4, 2, 2, 2, 2, 2, 2, 2, 2, 4, 4, 4, 4, 4, 4, 4, 4, 3, 3, 3, 3]
[3, 3, 3, 3, 4, 4, 4, 4, 4, 4, 4, 4, 2, 2, 2, 2, 2, 2, 2, 2, 4, 4, 4, 4, 4, 4, 4, 4, 3, 3, 3, 3]
[3, 3, 3, 3, 4, 4, 4, 4, 4, 4, 4, 4, 2, 2, 2, 2, 2, 2, 2, 2, 4, 4, 4, 4, 4, 4, 4, 4, 3, 3, 3, 3]
[3, 3, 3, 3, 4, 4, 4, 4, 4, 4, 4, 4, 2, 2, 2, 2, 2, 2, 2, 2, 4, 4, 4, 4, 4, 4, 4, 4, 3, 3, 3, 3]
[3, 3, 3, 3, 4, 4, 4, 4, 4, 4, 4, 4, 2, 2, 2, 2, 2, 2, 2, 2, 4, 4, 4, 4, 4, 4, 4, 4, 3, 3, 3, 3]
[3, 3, 3, 3, 4, 4, 4, 4, 4, 4, 4, 4, 2, 2, 2, 2, 2, 2, 2, 2, 4, 4, 4, 4, 4, 4, 4, 4, 3, 3, 3, 3]
[3, 3, 3, 3, 4, 4, 4, 4, 4, 4, 4, 4, 2, 2, 2, 2, 2, 2, 2, 2, 4, 4, 4, 4, 4, 4, 4, 4, 3, 3, 3, 3]
[2, 2, 2, 2, 3, 3, 3, 3, 3, 3, 3, 3, 2, 2, 2, 2, 2, 2, 2, 2, 3, 3, 3, 3, 3, 3, 3, 3, 2, 2, 2, 2]
[2, 2, 2, 2, 3, 3, 3, 3, 3, 3, 3, 3, 2, 2, 2, 2, 2, 2, 2, 2, 3, 3, 3, 3, 3, 3, 3, 3, 2, 2, 2, 2]
[2, 2, 2, 2, 3, 3, 3, 3, 3, 3, 3, 3, 2, 2, 2, 2, 2, 2, 2, 2, 3, 3, 3, 3, 3, 3, 3, 3, 2, 2, 2, 2]
[2, 2, 2, 2, 3, 3, 3, 3, 3, 3, 3, 3, 2, 2, 2, 2, 2, 2, 2, 2, 3, 3, 3, 3, 3, 3, 3, 3, 2, 2, 2, 2]
Edges: 1344
Moves: 2688
Max Clique Size: 2
Number of Max Cliques: 1408
Number of Connected Components: 96
Connected Components Spatial Distribution
[27, 7, 6,21,31, 9,22, 8,27, 7, 6,21,31, 9,22, 8,27, 7, 6,21,31, 9,22, 8,27, 7, 6,21,31, 9,22, 8]
[ 5,32,39,24, 4,23,18,10, 5,32,39,24, 4,23,18,10, 5,32,39,24, 4,23,18,10, 5,32,39,24, 4,23,18,10]
[30,15,25, 2,17,38,33,14,30,15,25, 2,17,38,33,14,30,15,25, 2,17,38,33,14,30,15,25, 2,17,38,33,14]
[12, 3,16,26,36,20,11, 1,12, 3,16,26,36,20,11, 1,12, 3,16,26,36,20,11, 1,12, 3,16,26,36,20,11, 1]
[31, 9,22, 8,27, 7, 6,21,31, 9,22, 8,27, 7, 6,21,31, 9,22, 8,27, 7, 6,21,31, 9,22, 8,27, 7, 6,21]
[ 4,23,18,10, 5,32,39,24, 4,23,18,10, 5,32,39,24, 4,23,18,10, 5,32,39,24, 4,23,18,10, 5,32,39,24]
[17,38,33,14,30,15,25, 2,17,38,33,14,30,15,25, 2,17,38,33,14,30,15,25, 2,17,38,33,14,30,15,25, 2]
[36,20,11, 1,12, 3,16,26,36,20,11, 1,12, 3,16,26,36,20,11, 1,12, 3,16,26,36,20,11, 1,12, 3,16,26]
[27, 7, 6,21,31, 9,22, 8,27, 7, 6,21,31, 9,22, 8,27, 7, 6,21,31, 9,22, 8,27, 7, 6,21,31, 9,22, 8]
[ 5,32,39,24, 4,23,18,10, 5,32,39,24, 4,23,18,10, 5,32,39,24, 4,23,18,10, 5,32,39,24, 4,23,18,10]
[30,15,25, 2,17,38,33,14,30,15,25, 2,17,38,33,14,30,15,25, 2,17,38,33,14,30,15,25, 2,17,38,33,14]
[12, 3,16,26,36,20,11, 1,12, 3,16,26,36,20,11, 1,12, 3,16,26,36,20,11, 1,12, 3,16,26,36,20,11, 1]
[31, 9,22, 8,27, 7, 6,21,31, 9,22, 8,81,75,55,74,79,73,89,72,27, 7, 6,21,31, 9,22, 8,27, 7, 6,21]
[ 4,23,18,10, 5,32,39,24, 4,23,18,10,52,35,93,34,50,29,61,28, 5,32,39,24, 4,23,18,10, 5,32,39,24]
[17,38,33,14,30,15,25, 2,17,38,33,14,90,63,47,85,87,60,80,83,30,15,25, 2,17,38,33,14,30,15,25, 2]
[36,20,11, 1,12, 3,16,26,36,20,11, 1,62,91,84,48,59,88,51,46,12, 3,16,26,36,20,11, 1,12, 3,16,26]
[27, 7, 6,21,31, 9,22, 8,27, 7, 6,21,58,53,76,68,86,77,69,92,31, 9,22, 8,27, 7, 6,21,31, 9,22, 8]
[ 5,32,39,24, 4,23,18,10, 5,32,39,24,19,82,49,96,56,41,43,54, 4,23,18,10, 5,32,39,24, 4,23,18,10]
[30,15,25, 2,17,38,33,14,30,15,25, 2,70,45,65,78,94,67,57,37,17,38,33,14,30,15,25, 2,17,38,33,14]
[12, 3,16,26,36,20,11, 1,12, 3,16,26,44,71,40,42,66,95,13,64,36,20,11, 1,12, 3,16,26,36,20,11, 1]
[31, 9,22, 8,27, 7, 6,21,31, 9,22, 8,27, 7, 6,21,31, 9,22, 8,27, 7, 6,21,31, 9,22, 8,27, 7, 6,21]
[ 4,23,18,10, 5,32,39,24, 4,23,18,10, 5,32,39,24, 4,23,18,10, 5,32,39,24, 4,23,18,10, 5,32,39,24]
[17,38,33,14,30,15,25, 2,17,38,33,14,30,15,25, 2,17,38,33,14,30,15,25, 2,17,38,33,14,30,15,25, 2]
[36,20,11, 1,12, 3,16,26,36,20,11, 1,12, 3,16,26,36,20,11, 1,12, 3,16,26,36,20,11, 1,12, 3,16,26]
[27, 7, 6,21,31, 9,22, 8,27, 7, 6,21,31, 9,22, 8,27, 7, 6,21,31, 9,22, 8,27, 7, 6,21,31, 9,22, 8]
[ 5,32,39,24, 4,23,18,10, 5,32,39,24, 4,23,18,10, 5,32,39,24, 4,23,18,10, 5,32,39,24, 4,23,18,10]
[30,15,25, 2,17,38,33,14,30,15,25, 2,17,38,33,14,30,15,25, 2,17,38,33,14,30,15,25, 2,17,38,33,14]
[12, 3,16,26,36,20,11, 1,12, 3,16,26,36,20,11, 1,12, 3,16,26,36,20,11, 1,12, 3,16,26,36,20,11, 1]
[31, 9,22, 8,27, 7, 6,21,31, 9,22, 8,27, 7, 6,21,31, 9,22, 8,27, 7, 6,21,31, 9,22, 8,27, 7, 6,21]
[ 4,23,18,10, 5,32,39,24, 4,23,18,10, 5,32,39,24, 4,23,18,10, 5,32,39,24, 4,23,18,10, 5,32,39,24]
[17,38,33,14,30,15,25, 2,17,38,33,14,30,15,25, 2,17,38,33,14,30,15,25, 2,17,38,33,14,30,15,25, 2]
[36,20,11, 1,12, 3,16,26,36,20,11, 1,12, 3,16,26,36,20,11, 1,12, 3,16,26,36,20,11, 1,12, 3,16,26]
