[d, p, q] = [24, 6, 18]
16,0,368,384,256
Degree Spatial distribution
[2, 2, 2, 2, 2, 2, 3, 3, 3, 3, 3, 3, 3, 3, 2, 2, 2, 2, 3, 3, 3, 3, 3, 3, 3, 3, 2, 2, 2, 2, 2, 2]
[2, 2, 2, 2, 2, 2, 3, 3, 3, 3, 3, 3, 3, 3, 2, 2, 2, 2, 3, 3, 3, 3, 3, 3, 3, 3, 2, 2, 2, 2, 2, 2]
[2, 2, 2, 2, 2, 2, 3, 3, 3, 3, 3, 3, 3, 3, 2, 2, 2, 2, 3, 3, 3, 3, 3, 3, 3, 3, 2, 2, 2, 2, 2, 2]
[2, 2, 2, 2, 2, 2, 3, 3, 3, 3, 3, 3, 3, 3, 2, 2, 2, 2, 3, 3, 3, 3, 3, 3, 3, 3, 2, 2, 2, 2, 2, 2]
[2, 2, 2, 2, 2, 2, 3, 3, 3, 3, 3, 3, 3, 3, 2, 2, 2, 2, 3, 3, 3, 3, 3, 3, 3, 3, 2, 2, 2, 2, 2, 2]
[2, 2, 2, 2, 2, 2, 3, 3, 3, 3, 3, 3, 3, 3, 2, 2, 2, 2, 3, 3, 3, 3, 3, 3, 3, 3, 2, 2, 2, 2, 2, 2]
[3, 3, 3, 3, 3, 3, 4, 4, 4, 4, 4, 4, 4, 4, 2, 2, 2, 2, 4, 4, 4, 4, 4, 4, 4, 4, 3, 3, 3, 3, 3, 3]
[3, 3, 3, 3, 3, 3, 4, 4, 4, 4, 4, 4, 4, 4, 2, 2, 2, 2, 4, 4, 4, 4, 4, 4, 4, 4, 3, 3, 3, 3, 3, 3]
[3, 3, 3, 3, 3, 3, 4, 4, 4, 4, 4, 4, 4, 4, 2, 2, 2, 2, 4, 4, 4, 4, 4, 4, 4, 4, 3, 3, 3, 3, 3, 3]
[3, 3, 3, 3, 3, 3, 4, 4, 4, 4, 4, 4, 4, 4, 2, 2, 2, 2, 4, 4, 4, 4, 4, 4, 4, 4, 3, 3, 3, 3, 3, 3]
[3, 3, 3, 3, 3, 3, 4, 4, 4, 4, 4, 4, 4, 4, 2, 2, 2, 2, 4, 4, 4, 4, 4, 4, 4, 4, 3, 3, 3, 3, 3, 3]
[3, 3, 3, 3, 3, 3, 4, 4, 4, 4, 4, 4, 4, 4, 2, 2, 2, 2, 4, 4, 4, 4, 4, 4, 4, 4, 3, 3, 3, 3, 3, 3]
[3, 3, 3, 3, 3, 3, 4, 4, 4, 4, 4, 4, 4, 4, 2, 2, 2, 2, 4, 4, 4, 4, 4, 4, 4, 4, 3, 3, 3, 3, 3, 3]
[3, 3, 3, 3, 3, 3, 4, 4, 4, 4, 4, 4, 4, 4, 2, 2, 2, 2, 4, 4, 4, 4, 4, 4, 4, 4, 3, 3, 3, 3, 3, 3]
[2, 2, 2, 2, 2, 2, 2, 2, 2, 2, 2, 2, 2, 2, 0, 0, 0, 0, 2, 2, 2, 2, 2, 2, 2, 2, 2, 2, 2, 2, 2, 2]
[2, 2, 2, 2, 2, 2, 2, 2, 2, 2, 2, 2, 2, 2, 0, 0, 0, 0, 2, 2, 2, 2, 2, 2, 2, 2, 2, 2, 2, 2, 2, 2]
[2, 2, 2, 2, 2, 2, 2, 2, 2, 2, 2, 2, 2, 2, 0, 0, 0, 0, 2, 2, 2, 2, 2, 2, 2, 2, 2, 2, 2, 2, 2, 2]
[2, 2, 2, 2, 2, 2, 2, 2, 2, 2, 2, 2, 2, 2, 0, 0, 0, 0, 2, 2, 2, 2, 2, 2, 2, 2, 2, 2, 2, 2, 2, 2]
[3, 3, 3, 3, 3, 3, 4, 4, 4, 4, 4, 4, 4, 4, 2, 2, 2, 2, 4, 4, 4, 4, 4, 4, 4, 4, 3, 3, 3, 3, 3, 3]
[3, 3, 3, 3, 3, 3, 4, 4, 4, 4, 4, 4, 4, 4, 2, 2, 2, 2, 4, 4, 4, 4, 4, 4, 4, 4, 3, 3, 3, 3, 3, 3]
[3, 3, 3, 3, 3, 3, 4, 4, 4, 4, 4, 4, 4, 4, 2, 2, 2, 2, 4, 4, 4, 4, 4, 4, 4, 4, 3, 3, 3, 3, 3, 3]
[3, 3, 3, 3, 3, 3, 4, 4, 4, 4, 4, 4, 4, 4, 2, 2, 2, 2, 4, 4, 4, 4, 4, 4, 4, 4, 3, 3, 3, 3, 3, 3]
[3, 3, 3, 3, 3, 3, 4, 4, 4, 4, 4, 4, 4, 4, 2, 2, 2, 2, 4, 4, 4, 4, 4, 4, 4, 4, 3, 3, 3, 3, 3, 3]
[3, 3, 3, 3, 3, 3, 4, 4, 4, 4, 4, 4, 4, 4, 2, 2, 2, 2, 4, 4, 4, 4, 4, 4, 4, 4, 3, 3, 3, 3, 3, 3]
[3, 3, 3, 3, 3, 3, 4, 4, 4, 4, 4, 4, 4, 4, 2, 2, 2, 2, 4, 4, 4, 4, 4, 4, 4, 4, 3, 3, 3, 3, 3, 3]
[3, 3, 3, 3, 3, 3, 4, 4, 4, 4, 4, 4, 4, 4, 2, 2, 2, 2, 4, 4, 4, 4, 4, 4, 4, 4, 3, 3, 3, 3, 3, 3]
[2, 2, 2, 2, 2, 2, 3, 3, 3, 3, 3, 3, 3, 3, 2, 2, 2, 2, 3, 3, 3, 3, 3, 3, 3, 3, 2, 2, 2, 2, 2, 2]
[2, 2, 2, 2, 2, 2, 3, 3, 3, 3, 3, 3, 3, 3, 2, 2, 2, 2, 3, 3, 3, 3, 3, 3, 3, 3, 2, 2, 2, 2, 2, 2]
[2, 2, 2, 2, 2, 2, 3, 3, 3, 3, 3, 3, 3, 3, 2, 2, 2, 2, 3, 3, 3, 3, 3, 3, 3, 3, 2, 2, 2, 2, 2, 2]
[2, 2, 2, 2, 2, 2, 3, 3, 3, 3, 3, 3, 3, 3, 2, 2, 2, 2, 3, 3, 3, 3, 3, 3, 3, 3, 2, 2, 2, 2, 2, 2]
[2, 2, 2, 2, 2, 2, 3, 3, 3, 3, 3, 3, 3, 3, 2, 2, 2, 2, 3, 3, 3, 3, 3, 3, 3, 3, 2, 2, 2, 2, 2, 2]
[2, 2, 2, 2, 2, 2, 3, 3, 3, 3, 3, 3, 3, 3, 2, 2, 2, 2, 3, 3, 3, 3, 3, 3, 3, 3, 2, 2, 2, 2, 2, 2]
Edges: 1456
Moves: 2912
Max Clique Size: 2
Number of Max Cliques: 1472
Number of Connected Components: 88
Connected Components Spatial Distribution
[63, 2,25,14,34,32,66,55,39,16,40,50,63, 2,25,14,34,32,66,55,39,16,40,50,63, 2,25,14,34,32,66,55]
[13,46,12,28,11,35,54,10, 4,56,49, 3,13,46,12,28,11,35,54,10, 4,56,49, 3,13,46,12,28,11,35,54,10]
[19,75,60,27,68,64,29,23,36,61,43, 9,19,75,60,27,68,64,29,23,36,61,43, 9,19,75,60,27,68,64,29,23]
[69,21,24,41,52,42,45, 1,62,38, 5,44,69,21,24,41,52,42,45, 1,62,38, 5,44,69,21,24,41,52,42,45, 1]
[37,20,74,22,67,17, 6, 8,58, 7,31,53,37,20,74,22,67,17, 6, 8,58, 7,31,53,37,20,74,22,67,17, 6, 8]
[18,70,65,48,30,26,51,73,15,47,57,33,18,70,65,48,30,26,51,73,15,47,57,33,18,70,65,48,30,26,51,73]
[66,55,39,16,40,50,63, 2,25,14,34,32,66,55,39,16,40,50,63, 2,25,14,34,32,66,55,39,16,40,50,63, 2]
[54,10, 4,56,49, 3,13,46,12,28,11,35,54,10, 4,56,49, 3,13,46,12,28,11,35,54,10, 4,56,49, 3,13,46]
[29,23,36,61,43, 9,19,75,60,27,68,64,29,23,36,61,43, 9,19,75,60,27,68,64,29,23,36,61,43, 9,19,75]
[45, 1,62,38, 5,44,69,21,24,41,52,42,45, 1,62,38, 5,44,69,21,24,41,52,42,45, 1,62,38, 5,44,69,21]
[ 6, 8,58, 7,31,53,37,20,74,22,67,17, 6, 8,58, 7,31,53,37,20,74,22,67,17, 6, 8,58, 7,31,53,37,20]
[51,73,15,47,57,33,18,70,65,48,30,26,51,73,15,47,57,33,18,70,65,48,30,26,51,73,15,47,57,33,18,70]
[63, 2,25,14,34,32,66,55,39,16,40,50,63, 2,25,14,34,32,66,55,39,16,40,50,63, 2,25,14,34,32,66,55]
[13,46,12,28,11,35,54,10, 4,56,49, 3,13,46,12,28,11,35,54,10, 4,56,49, 3,13,46,12,28,11,35,54,10]
[19,75,60,27,68,64,29,23,36,61,43, 9,19,75,71,84,86,79,29,23,36,61,43, 9,19,75,60,27,68,64,29,23]
[69,21,24,41,52,42,45, 1,62,38, 5,44,69,21,83,72,78,87,45, 1,62,38, 5,44,69,21,24,41,52,42,45, 1]
[37,20,74,22,67,17, 6, 8,58, 7,31,53,37,20,81,80,85,82, 6, 8,58, 7,31,53,37,20,74,22,67,17, 6, 8]
[18,70,65,48,30,26,51,73,15,47,57,33,18,70,76,88,77,59,51,73,15,47,57,33,18,70,65,48,30,26,51,73]
[66,55,39,16,40,50,63, 2,25,14,34,32,66,55,39,16,40,50,63, 2,25,14,34,32,66,55,39,16,40,50,63, 2]
[54,10, 4,56,49, 3,13,46,12,28,11,35,54,10, 4,56,49, 3,13,46,12,28,11,35,54,10, 4,56,49, 3,13,46]
[29,23,36,61,43, 9,19,75,60,27,68,64,29,23,36,61,43, 9,19,75,60,27,68,64,29,23,36,61,43, 9,19,75]
[45, 1,62,38, 5,44,69,21,24,41,52,42,45, 1,62,38, 5,44,69,21,24,41,52,42,45, 1,62,38, 5,44,69,21]
[ 6, 8,58, 7,31,53,37,20,74,22,67,17, 6, 8,58, 7,31,53,37,20,74,22,67,17, 6, 8,58, 7,31,53,37,20]
[51,73,15,47,57,33,18,70,65,48,30,26,51,73,15,47,57,33,18,70,65,48,30,26,51,73,15,47,57,33,18,70]
[63, 2,25,14,34,32,66,55,39,16,40,50,63, 2,25,14,34,32,66,55,39,16,40,50,63, 2,25,14,34,32,66,55]
[13,46,12,28,11,35,54,10, 4,56,49, 3,13,46,12,28,11,35,54,10, 4,56,49, 3,13,46,12,28,11,35,54,10]
[19,75,60,27,68,64,29,23,36,61,43, 9,19,75,60,27,68,64,29,23,36,61,43, 9,19,75,60,27,68,64,29,23]
[69,21,24,41,52,42,45, 1,62,38, 5,44,69,21,24,41,52,42,45, 1,62,38, 5,44,69,21,24,41,52,42,45, 1]
[37,20,74,22,67,17, 6, 8,58, 7,31,53,37,20,74,22,67,17, 6, 8,58, 7,31,53,37,20,74,22,67,17, 6, 8]
[18,70,65,48,30,26,51,73,15,47,57,33,18,70,65,48,30,26,51,73,15,47,57,33,18,70,65,48,30,26,51,73]
[66,55,39,16,40,50,63, 2,25,14,34,32,66,55,39,16,40,50,63, 2,25,14,34,32,66,55,39,16,40,50,63, 2]
[54,10, 4,56,49, 3,13,46,12,28,11,35,54,10, 4,56,49, 3,13,46,12,28,11,35,54,10, 4,56,49, 3,13,46]
