[d, p, q] = [24, 8, 16]
0,0,256,512,256
Degree Spatial distribution
[2, 2, 2, 2, 2, 2, 2, 2, 3, 3, 3, 3, 3, 3, 3, 3, 3, 3, 3, 3, 3, 3, 3, 3, 2, 2, 2, 2, 2, 2, 2, 2]
[2, 2, 2, 2, 2, 2, 2, 2, 3, 3, 3, 3, 3, 3, 3, 3, 3, 3, 3, 3, 3, 3, 3, 3, 2, 2, 2, 2, 2, 2, 2, 2]
[2, 2, 2, 2, 2, 2, 2, 2, 3, 3, 3, 3, 3, 3, 3, 3, 3, 3, 3, 3, 3, 3, 3, 3, 2, 2, 2, 2, 2, 2, 2, 2]
[2, 2, 2, 2, 2, 2, 2, 2, 3, 3, 3, 3, 3, 3, 3, 3, 3, 3, 3, 3, 3, 3, 3, 3, 2, 2, 2, 2, 2, 2, 2, 2]
[2, 2, 2, 2, 2, 2, 2, 2, 3, 3, 3, 3, 3, 3, 3, 3, 3, 3, 3, 3, 3, 3, 3, 3, 2, 2, 2, 2, 2, 2, 2, 2]
[2, 2, 2, 2, 2, 2, 2, 2, 3, 3, 3, 3, 3, 3, 3, 3, 3, 3, 3, 3, 3, 3, 3, 3, 2, 2, 2, 2, 2, 2, 2, 2]
[2, 2, 2, 2, 2, 2, 2, 2, 3, 3, 3, 3, 3, 3, 3, 3, 3, 3, 3, 3, 3, 3, 3, 3, 2, 2, 2, 2, 2, 2, 2, 2]
[2, 2, 2, 2, 2, 2, 2, 2, 3, 3, 3, 3, 3, 3, 3, 3, 3, 3, 3, 3, 3, 3, 3, 3, 2, 2, 2, 2, 2, 2, 2, 2]
[3, 3, 3, 3, 3, 3, 3, 3, 4, 4, 4, 4, 4, 4, 4, 4, 4, 4, 4, 4, 4, 4, 4, 4, 3, 3, 3, 3, 3, 3, 3, 3]
[3, 3, 3, 3, 3, 3, 3, 3, 4, 4, 4, 4, 4, 4, 4, 4, 4, 4, 4, 4, 4, 4, 4, 4, 3, 3, 3, 3, 3, 3, 3, 3]
[3, 3, 3, 3, 3, 3, 3, 3, 4, 4, 4, 4, 4, 4, 4, 4, 4, 4, 4, 4, 4, 4, 4, 4, 3, 3, 3, 3, 3, 3, 3, 3]
[3, 3, 3, 3, 3, 3, 3, 3, 4, 4, 4, 4, 4, 4, 4, 4, 4, 4, 4, 4, 4, 4, 4, 4, 3, 3, 3, 3, 3, 3, 3, 3]
[3, 3, 3, 3, 3, 3, 3, 3, 4, 4, 4, 4, 4, 4, 4, 4, 4, 4, 4, 4, 4, 4, 4, 4, 3, 3, 3, 3, 3, 3, 3, 3]
[3, 3, 3, 3, 3, 3, 3, 3, 4, 4, 4, 4, 4, 4, 4, 4, 4, 4, 4, 4, 4, 4, 4, 4, 3, 3, 3, 3, 3, 3, 3, 3]
[3, 3, 3, 3, 3, 3, 3, 3, 4, 4, 4, 4, 4, 4, 4, 4, 4, 4, 4, 4, 4, 4, 4, 4, 3, 3, 3, 3, 3, 3, 3, 3]
[3, 3, 3, 3, 3, 3, 3, 3, 4, 4, 4, 4, 4, 4, 4, 4, 4, 4, 4, 4, 4, 4, 4, 4, 3, 3, 3, 3, 3, 3, 3, 3]
[3, 3, 3, 3, 3, 3, 3, 3, 4, 4, 4, 4, 4, 4, 4, 4, 4, 4, 4, 4, 4, 4, 4, 4, 3, 3, 3, 3, 3, 3, 3, 3]
[3, 3, 3, 3, 3, 3, 3, 3, 4, 4, 4, 4, 4, 4, 4, 4, 4, 4, 4, 4, 4, 4, 4, 4, 3, 3, 3, 3, 3, 3, 3, 3]
[3, 3, 3, 3, 3, 3, 3, 3, 4, 4, 4, 4, 4, 4, 4, 4, 4, 4, 4, 4, 4, 4, 4, 4, 3, 3, 3, 3, 3, 3, 3, 3]
[3, 3, 3, 3, 3, 3, 3, 3, 4, 4, 4, 4, 4, 4, 4, 4, 4, 4, 4, 4, 4, 4, 4, 4, 3, 3, 3, 3, 3, 3, 3, 3]
[3, 3, 3, 3, 3, 3, 3, 3, 4, 4, 4, 4, 4, 4, 4, 4, 4, 4, 4, 4, 4, 4, 4, 4, 3, 3, 3, 3, 3, 3, 3, 3]
[3, 3, 3, 3, 3, 3, 3, 3, 4, 4, 4, 4, 4, 4, 4, 4, 4, 4, 4, 4, 4, 4, 4, 4, 3, 3, 3, 3, 3, 3, 3, 3]
[3, 3, 3, 3, 3, 3, 3, 3, 4, 4, 4, 4, 4, 4, 4, 4, 4, 4, 4, 4, 4, 4, 4, 4, 3, 3, 3, 3, 3, 3, 3, 3]
[3, 3, 3, 3, 3, 3, 3, 3, 4, 4, 4, 4, 4, 4, 4, 4, 4, 4, 4, 4, 4, 4, 4, 4, 3, 3, 3, 3, 3, 3, 3, 3]
[2, 2, 2, 2, 2, 2, 2, 2, 3, 3, 3, 3, 3, 3, 3, 3, 3, 3, 3, 3, 3, 3, 3, 3, 2, 2, 2, 2, 2, 2, 2, 2]
[2, 2, 2, 2, 2, 2, 2, 2, 3, 3, 3, 3, 3, 3, 3, 3, 3, 3, 3, 3, 3, 3, 3, 3, 2, 2, 2, 2, 2, 2, 2, 2]
[2, 2, 2, 2, 2, 2, 2, 2, 3, 3, 3, 3, 3, 3, 3, 3, 3, 3, 3, 3, 3, 3, 3, 3, 2, 2, 2, 2, 2, 2, 2, 2]
[2, 2, 2, 2, 2, 2, 2, 2, 3, 3, 3, 3, 3, 3, 3, 3, 3, 3, 3, 3, 3, 3, 3, 3, 2, 2, 2, 2, 2, 2, 2, 2]
[2, 2, 2, 2, 2, 2, 2, 2, 3, 3, 3, 3, 3, 3, 3, 3, 3, 3, 3, 3, 3, 3, 3, 3, 2, 2, 2, 2, 2, 2, 2, 2]
[2, 2, 2, 2, 2, 2, 2, 2, 3, 3, 3, 3, 3, 3, 3, 3, 3, 3, 3, 3, 3, 3, 3, 3, 2, 2, 2, 2, 2, 2, 2, 2]
[2, 2, 2, 2, 2, 2, 2, 2, 3, 3, 3, 3, 3, 3, 3, 3, 3, 3, 3, 3, 3, 3, 3, 3, 2, 2, 2, 2, 2, 2, 2, 2]
[2, 2, 2, 2, 2, 2, 2, 2, 3, 3, 3, 3, 3, 3, 3, 3, 3, 3, 3, 3, 3, 3, 3, 3, 2, 2, 2, 2, 2, 2, 2, 2]
Edges: 1536
Moves: 3072
Max Clique Size: 2
Number of Max Cliques: 1536
Number of Connected Components: 64
Connected Components Spatial Distribution
[35,17,64,63,48,33,36,60,35,17,64,63,48,33,36,60,35,17,64,63,48,33,36,60,35,17,64,63,48,33,36,60]
[ 5,43,55,28, 4,26,22,10, 5,43,55,28, 4,26,22,10, 5,43,55,28, 4,26,22,10, 5,43,55,28, 4,26,22,10]
[45,62,41,27,31,57,58,14,45,62,41,27,31,57,58,14,45,62,41,27,31,57,58,14,45,62,41,27,31,57,58,14]
[61,47,13,50,56,34,11, 1,61,47,13,50,56,34,11, 1,61,47,13,50,56,34,11, 1,61,47,13,50,56,34,11, 1]
[42, 9,25, 8,51, 7, 6,24,42, 9,25, 8,51, 7, 6,24,42, 9,25, 8,51, 7, 6,24,42, 9,25, 8,51, 7, 6,24]
[16,38,54,37,30,49,59,39,16,38,54,37,30,49,59,39,16,38,54,37,30,49,59,39,16,38,54,37,30,49,59,39]
[21,53,44,20,40,15,29, 2,21,53,44,20,40,15,29, 2,21,53,44,20,40,15,29, 2,21,53,44,20,40,15,29, 2]
[52,23,19,46,12, 3,18,32,52,23,19,46,12, 3,18,32,52,23,19,46,12, 3,18,32,52,23,19,46,12, 3,18,32]
[35,17,64,63,48,33,36,60,35,17,64,63,48,33,36,60,35,17,64,63,48,33,36,60,35,17,64,63,48,33,36,60]
[ 5,43,55,28, 4,26,22,10, 5,43,55,28, 4,26,22,10, 5,43,55,28, 4,26,22,10, 5,43,55,28, 4,26,22,10]
[45,62,41,27,31,57,58,14,45,62,41,27,31,57,58,14,45,62,41,27,31,57,58,14,45,62,41,27,31,57,58,14]
[61,47,13,50,56,34,11, 1,61,47,13,50,56,34,11, 1,61,47,13,50,56,34,11, 1,61,47,13,50,56,34,11, 1]
[42, 9,25, 8,51, 7, 6,24,42, 9,25, 8,51, 7, 6,24,42, 9,25, 8,51, 7, 6,24,42, 9,25, 8,51, 7, 6,24]
[16,38,54,37,30,49,59,39,16,38,54,37,30,49,59,39,16,38,54,37,30,49,59,39,16,38,54,37,30,49,59,39]
[21,53,44,20,40,15,29, 2,21,53,44,20,40,15,29, 2,21,53,44,20,40,15,29, 2,21,53,44,20,40,15,29, 2]
[52,23,19,46,12, 3,18,32,52,23,19,46,12, 3,18,32,52,23,19,46,12, 3,18,32,52,23,19,46,12, 3,18,32]
[35,17,64,63,48,33,36,60,35,17,64,63,48,33,36,60,35,17,64,63,48,33,36,60,35,17,64,63,48,33,36,60]
[ 5,43,55,28, 4,26,22,10, 5,43,55,28, 4,26,22,10, 5,43,55,28, 4,26,22,10, 5,43,55,28, 4,26,22,10]
[45,62,41,27,31,57,58,14,45,62,41,27,31,57,58,14,45,62,41,27,31,57,58,14,45,62,41,27,31,57,58,14]
[61,47,13,50,56,34,11, 1,61,47,13,50,56,34,11, 1,61,47,13,50,56,34,11, 1,61,47,13,50,56,34,11, 1]
[42, 9,25, 8,51, 7, 6,24,42, 9,25, 8,51, 7, 6,24,42, 9,25, 8,51, 7, 6,24,42, 9,25, 8,51, 7, 6,24]
[16,38,54,37,30,49,59,39,16,38,54,37,30,49,59,39,16,38,54,37,30,49,59,39,16,38,54,37,30,49,59,39]
[21,53,44,20,40,15,29, 2,21,53,44,20,40,15,29, 2,21,53,44,20,40,15,29, 2,21,53,44,20,40,15,29, 2]
[52,23,19,46,12, 3,18,32,52,23,19,46,12, 3,18,32,52,23,19,46,12, 3,18,32,52,23,19,46,12, 3,18,32]
[35,17,64,63,48,33,36,60,35,17,64,63,48,33,36,60,35,17,64,63,48,33,36,60,35,17,64,63,48,33,36,60]
[ 5,43,55,28, 4,26,22,10, 5,43,55,28, 4,26,22,10, 5,43,55,28, 4,26,22,10, 5,43,55,28, 4,26,22,10]
[45,62,41,27,31,57,58,14,45,62,41,27,31,57,58,14,45,62,41,27,31,57,58,14,45,62,41,27,31,57,58,14]
[61,47,13,50,56,34,11, 1,61,47,13,50,56,34,11, 1,61,47,13,50,56,34,11, 1,61,47,13,50,56,34,11, 1]
[42, 9,25, 8,51, 7, 6,24,42, 9,25, 8,51, 7, 6,24,42, 9,25, 8,51, 7, 6,24,42, 9,25, 8,51, 7, 6,24]
[16,38,54,37,30,49,59,39,16,38,54,37,30,49,59,39,16,38,54,37,30,49,59,39,16,38,54,37,30,49,59,39]
[21,53,44,20,40,15,29, 2,21,53,44,20,40,15,29, 2,21,53,44,20,40,15,29, 2,21,53,44,20,40,15,29, 2]
[52,23,19,46,12, 3,18,32,52,23,19,46,12, 3,18,32,52,23,19,46,12, 3,18,32,52,23,19,46,12, 3,18,32]
