[d, p, q] = [25, 5, 20]
64,0,484,280,196
Degree Spatial distribution
[2, 2, 2, 2, 2, 3, 3, 3, 3, 3, 3, 3, 2, 2, 2, 2, 2, 2, 2, 2, 3, 3, 3, 3, 3, 3, 3, 2, 2, 2, 2, 2]
[2, 2, 2, 2, 2, 3, 3, 3, 3, 3, 3, 3, 2, 2, 2, 2, 2, 2, 2, 2, 3, 3, 3, 3, 3, 3, 3, 2, 2, 2, 2, 2]
[2, 2, 2, 2, 2, 3, 3, 3, 3, 3, 3, 3, 2, 2, 2, 2, 2, 2, 2, 2, 3, 3, 3, 3, 3, 3, 3, 2, 2, 2, 2, 2]
[2, 2, 2, 2, 2, 3, 3, 3, 3, 3, 3, 3, 2, 2, 2, 2, 2, 2, 2, 2, 3, 3, 3, 3, 3, 3, 3, 2, 2, 2, 2, 2]
[2, 2, 2, 2, 2, 3, 3, 3, 3, 3, 3, 3, 2, 2, 2, 2, 2, 2, 2, 2, 3, 3, 3, 3, 3, 3, 3, 2, 2, 2, 2, 2]
[3, 3, 3, 3, 3, 4, 4, 4, 4, 4, 4, 4, 2, 2, 2, 2, 2, 2, 2, 2, 4, 4, 4, 4, 4, 4, 4, 3, 3, 3, 3, 3]
[3, 3, 3, 3, 3, 4, 4, 4, 4, 4, 4, 4, 2, 2, 2, 2, 2, 2, 2, 2, 4, 4, 4, 4, 4, 4, 4, 3, 3, 3, 3, 3]
[3, 3, 3, 3, 3, 4, 4, 4, 4, 4, 4, 4, 2, 2, 2, 2, 2, 2, 2, 2, 4, 4, 4, 4, 4, 4, 4, 3, 3, 3, 3, 3]
[3, 3, 3, 3, 3, 4, 4, 4, 4, 4, 4, 4, 2, 2, 2, 2, 2, 2, 2, 2, 4, 4, 4, 4, 4, 4, 4, 3, 3, 3, 3, 3]
[3, 3, 3, 3, 3, 4, 4, 4, 4, 4, 4, 4, 2, 2, 2, 2, 2, 2, 2, 2, 4, 4, 4, 4, 4, 4, 4, 3, 3, 3, 3, 3]
[3, 3, 3, 3, 3, 4, 4, 4, 4, 4, 4, 4, 2, 2, 2, 2, 2, 2, 2, 2, 4, 4, 4, 4, 4, 4, 4, 3, 3, 3, 3, 3]
[3, 3, 3, 3, 3, 4, 4, 4, 4, 4, 4, 4, 2, 2, 2, 2, 2, 2, 2, 2, 4, 4, 4, 4, 4, 4, 4, 3, 3, 3, 3, 3]
[2, 2, 2, 2, 2, 2, 2, 2, 2, 2, 2, 2, 0, 0, 0, 0, 0, 0, 0, 0, 2, 2, 2, 2, 2, 2, 2, 2, 2, 2, 2, 2]
[2, 2, 2, 2, 2, 2, 2, 2, 2, 2, 2, 2, 0, 0, 0, 0, 0, 0, 0, 0, 2, 2, 2, 2, 2, 2, 2, 2, 2, 2, 2, 2]
[2, 2, 2, 2, 2, 2, 2, 2, 2, 2, 2, 2, 0, 0, 0, 0, 0, 0, 0, 0, 2, 2, 2, 2, 2, 2, 2, 2, 2, 2, 2, 2]
[2, 2, 2, 2, 2, 2, 2, 2, 2, 2, 2, 2, 0, 0, 0, 0, 0, 0, 0, 0, 2, 2, 2, 2, 2, 2, 2, 2, 2, 2, 2, 2]
[2, 2, 2, 2, 2, 2, 2, 2, 2, 2, 2, 2, 0, 0, 0, 0, 0, 0, 0, 0, 2, 2, 2, 2, 2, 2, 2, 2, 2, 2, 2, 2]
[2, 2, 2, 2, 2, 2, 2, 2, 2, 2, 2, 2, 0, 0, 0, 0, 0, 0, 0, 0, 2, 2, 2, 2, 2, 2, 2, 2, 2, 2, 2, 2]
[2, 2, 2, 2, 2, 2, 2, 2, 2, 2, 2, 2, 0, 0, 0, 0, 0, 0, 0, 0, 2, 2, 2, 2, 2, 2, 2, 2, 2, 2, 2, 2]
[2, 2, 2, 2, 2, 2, 2, 2, 2, 2, 2, 2, 0, 0, 0, 0, 0, 0, 0, 0, 2, 2, 2, 2, 2, 2, 2, 2, 2, 2, 2, 2]
[3, 3, 3, 3, 3, 4, 4, 4, 4, 4, 4, 4, 2, 2, 2, 2, 2, 2, 2, 2, 4, 4, 4, 4, 4, 4, 4, 3, 3, 3, 3, 3]
[3, 3, 3, 3, 3, 4, 4, 4, 4, 4, 4, 4, 2, 2, 2, 2, 2, 2, 2, 2, 4, 4, 4, 4, 4, 4, 4, 3, 3, 3, 3, 3]
[3, 3, 3, 3, 3, 4, 4, 4, 4, 4, 4, 4, 2, 2, 2, 2, 2, 2, 2, 2, 4, 4, 4, 4, 4, 4, 4, 3, 3, 3, 3, 3]
[3, 3, 3, 3, 3, 4, 4, 4, 4, 4, 4, 4, 2, 2, 2, 2, 2, 2, 2, 2, 4, 4, 4, 4, 4, 4, 4, 3, 3, 3, 3, 3]
[3, 3, 3, 3, 3, 4, 4, 4, 4, 4, 4, 4, 2, 2, 2, 2, 2, 2, 2, 2, 4, 4, 4, 4, 4, 4, 4, 3, 3, 3, 3, 3]
[3, 3, 3, 3, 3, 4, 4, 4, 4, 4, 4, 4, 2, 2, 2, 2, 2, 2, 2, 2, 4, 4, 4, 4, 4, 4, 4, 3, 3, 3, 3, 3]
[3, 3, 3, 3, 3, 4, 4, 4, 4, 4, 4, 4, 2, 2, 2, 2, 2, 2, 2, 2, 4, 4, 4, 4, 4, 4, 4, 3, 3, 3, 3, 3]
[2, 2, 2, 2, 2, 3, 3, 3, 3, 3, 3, 3, 2, 2, 2, 2, 2, 2, 2, 2, 3, 3, 3, 3, 3, 3, 3, 2, 2, 2, 2, 2]
[2, 2, 2, 2, 2, 3, 3, 3, 3, 3, 3, 3, 2, 2, 2, 2, 2, 2, 2, 2, 3, 3, 3, 3, 3, 3, 3, 2, 2, 2, 2, 2]
[2, 2, 2, 2, 2, 3, 3, 3, 3, 3, 3, 3, 2, 2, 2, 2, 2, 2, 2, 2, 3, 3, 3, 3, 3, 3, 3, 2, 2, 2, 2, 2]
[2, 2, 2, 2, 2, 3, 3, 3, 3, 3, 3, 3, 2, 2, 2, 2, 2, 2, 2, 2, 3, 3, 3, 3, 3, 3, 3, 2, 2, 2, 2, 2]
[2, 2, 2, 2, 2, 3, 3, 3, 3, 3, 3, 3, 2, 2, 2, 2, 2, 2, 2, 2, 3, 3, 3, 3, 3, 3, 3, 2, 2, 2, 2, 2]
Edges: 1296
Moves: 2592
Max Clique Size: 2
Number of Max Cliques: 1360
Number of Connected Components: 89
Connected Components Spatial Distribution
[ 4,23, 8,13,14, 4,23, 8,13,14, 4,23, 8,13,14, 4,23, 8,13,14, 4,23, 8,13,14, 4,23, 8,13,14, 4,23]
[ 3, 2,22,12,15, 3, 2,22,12,15, 3, 2,22,12,15, 3, 2,22,12,15, 3, 2,22,12,15, 3, 2,22,12,15, 3, 2]
[10,16,19,21,20,10,16,19,21,20,10,16,19,21,20,10,16,19,21,20,10,16,19,21,20,10,16,19,21,20,10,16]
[33, 6, 1,27,28,33, 6, 1,27,28,33, 6, 1,27,28,33, 6, 1,27,28,33, 6, 1,27,28,33, 6, 1,27,28,33, 6]
[18, 5, 9,26, 7,18, 5, 9,26, 7,18, 5, 9,26, 7,18, 5, 9,26, 7,18, 5, 9,26, 7,18, 5, 9,26, 7,18, 5]
[ 4,23, 8,13,14, 4,23, 8,13,14, 4,23, 8,13,14, 4,23, 8,13,14, 4,23, 8,13,14, 4,23, 8,13,14, 4,23]
[ 3, 2,22,12,15, 3, 2,22,12,15, 3, 2,22,12,15, 3, 2,22,12,15, 3, 2,22,12,15, 3, 2,22,12,15, 3, 2]
[10,16,19,21,20,10,16,19,21,20,10,16,19,21,20,10,16,19,21,20,10,16,19,21,20,10,16,19,21,20,10,16]
[33, 6, 1,27,28,33, 6, 1,27,28,33, 6, 1,27,28,33, 6, 1,27,28,33, 6, 1,27,28,33, 6, 1,27,28,33, 6]
[18, 5, 9,26, 7,18, 5, 9,26, 7,18, 5, 9,26, 7,18, 5, 9,26, 7,18, 5, 9,26, 7,18, 5, 9,26, 7,18, 5]
[ 4,23, 8,13,14, 4,23, 8,13,14, 4,23, 8,13,14, 4,23, 8,13,14, 4,23, 8,13,14, 4,23, 8,13,14, 4,23]
[ 3, 2,22,12,15, 3, 2,22,12,15, 3, 2,22,12,15, 3, 2,22,12,15, 3, 2,22,12,15, 3, 2,22,12,15, 3, 2]
[10,16,19,21,20,10,16,19,21,20,10,16,74,68,48,67,72,66,82,65,10,16,19,21,20,10,16,19,21,20,10,16]
[33, 6, 1,27,28,33, 6, 1,27,28,33, 6,45,30,86,29,43,25,54,24,33, 6, 1,27,28,33, 6, 1,27,28,33, 6]
[18, 5, 9,26, 7,18, 5, 9,26, 7,18, 5,83,56,40,78,80,53,73,76,18, 5, 9,26, 7,18, 5, 9,26, 7,18, 5]
[ 4,23, 8,13,14, 4,23, 8,13,14, 4,23,55,84,77,41,52,81,44,39, 4,23, 8,13,14, 4,23, 8,13,14, 4,23]
[ 3, 2,22,12,15, 3, 2,22,12,15, 3, 2,51,46,69,61,79,70,62,85, 3, 2,22,12,15, 3, 2,22,12,15, 3, 2]
[10,16,19,21,20,10,16,19,21,20,10,16,17,75,42,89,49,34,36,47,10,16,19,21,20,10,16,19,21,20,10,16]
[33, 6, 1,27,28,33, 6, 1,27,28,33, 6,63,38,58,71,87,60,50,31,33, 6, 1,27,28,33, 6, 1,27,28,33, 6]
[18, 5, 9,26, 7,18, 5, 9,26, 7,18, 5,37,64,32,35,59,88,11,57,18, 5, 9,26, 7,18, 5, 9,26, 7,18, 5]
[ 4,23, 8,13,14, 4,23, 8,13,14, 4,23, 8,13,14, 4,23, 8,13,14, 4,23, 8,13,14, 4,23, 8,13,14, 4,23]
[ 3, 2,22,12,15, 3, 2,22,12,15, 3, 2,22,12,15, 3, 2,22,12,15, 3, 2,22,12,15, 3, 2,22,12,15, 3, 2]
[10,16,19,21,20,10,16,19,21,20,10,16,19,21,20,10,16,19,21,20,10,16,19,21,20,10,16,19,21,20,10,16]
[33, 6, 1,27,28,33, 6, 1,27,28,33, 6, 1,27,28,33, 6, 1,27,28,33, 6, 1,27,28,33, 6, 1,27,28,33, 6]
[18, 5, 9,26, 7,18, 5, 9,26, 7,18, 5, 9,26, 7,18, 5, 9,26, 7,18, 5, 9,26, 7,18, 5, 9,26, 7,18, 5]
[ 4,23, 8,13,14, 4,23, 8,13,14, 4,23, 8,13,14, 4,23, 8,13,14, 4,23, 8,13,14, 4,23, 8,13,14, 4,23]
[ 3, 2,22,12,15, 3, 2,22,12,15, 3, 2,22,12,15, 3, 2,22,12,15, 3, 2,22,12,15, 3, 2,22,12,15, 3, 2]
[10,16,19,21,20,10,16,19,21,20,10,16,19,21,20,10,16,19,21,20,10,16,19,21,20,10,16,19,21,20,10,16]
[33, 6, 1,27,28,33, 6, 1,27,28,33, 6, 1,27,28,33, 6, 1,27,28,33, 6, 1,27,28,33, 6, 1,27,28,33, 6]
[18, 5, 9,26, 7,18, 5, 9,26, 7,18, 5, 9,26, 7,18, 5, 9,26, 7,18, 5, 9,26, 7,18, 5, 9,26, 7,18, 5]
[ 4,23, 8,13,14, 4,23, 8,13,14, 4,23, 8,13,14, 4,23, 8,13,14, 4,23, 8,13,14, 4,23, 8,13,14, 4,23]
[ 3, 2,22,12,15, 3, 2,22,12,15, 3, 2,22,12,15, 3, 2,22,12,15, 3, 2,22,12,15, 3, 2,22,12,15, 3, 2]
