[d, p, q] = [26, 1, 25]
324,0,508,48,144
Degree Spatial distribution
[2, 3, 3, 3, 3, 3, 3, 2, 2, 2, 2, 2, 2, 2, 2, 2, 2, 2, 2, 2, 2, 2, 2, 2, 2, 3, 3, 3, 3, 3, 3, 2]
[3, 4, 4, 4, 4, 4, 4, 2, 2, 2, 2, 2, 2, 2, 2, 2, 2, 2, 2, 2, 2, 2, 2, 2, 2, 4, 4, 4, 4, 4, 4, 3]
[3, 4, 4, 4, 4, 4, 4, 2, 2, 2, 2, 2, 2, 2, 2, 2, 2, 2, 2, 2, 2, 2, 2, 2, 2, 4, 4, 4, 4, 4, 4, 3]
[3, 4, 4, 4, 4, 4, 4, 2, 2, 2, 2, 2, 2, 2, 2, 2, 2, 2, 2, 2, 2, 2, 2, 2, 2, 4, 4, 4, 4, 4, 4, 3]
[3, 4, 4, 4, 4, 4, 4, 2, 2, 2, 2, 2, 2, 2, 2, 2, 2, 2, 2, 2, 2, 2, 2, 2, 2, 4, 4, 4, 4, 4, 4, 3]
[3, 4, 4, 4, 4, 4, 4, 2, 2, 2, 2, 2, 2, 2, 2, 2, 2, 2, 2, 2, 2, 2, 2, 2, 2, 4, 4, 4, 4, 4, 4, 3]
[3, 4, 4, 4, 4, 4, 4, 2, 2, 2, 2, 2, 2, 2, 2, 2, 2, 2, 2, 2, 2, 2, 2, 2, 2, 4, 4, 4, 4, 4, 4, 3]
[2, 2, 2, 2, 2, 2, 2, 0, 0, 0, 0, 0, 0, 0, 0, 0, 0, 0, 0, 0, 0, 0, 0, 0, 0, 2, 2, 2, 2, 2, 2, 2]
[2, 2, 2, 2, 2, 2, 2, 0, 0, 0, 0, 0, 0, 0, 0, 0, 0, 0, 0, 0, 0, 0, 0, 0, 0, 2, 2, 2, 2, 2, 2, 2]
[2, 2, 2, 2, 2, 2, 2, 0, 0, 0, 0, 0, 0, 0, 0, 0, 0, 0, 0, 0, 0, 0, 0, 0, 0, 2, 2, 2, 2, 2, 2, 2]
[2, 2, 2, 2, 2, 2, 2, 0, 0, 0, 0, 0, 0, 0, 0, 0, 0, 0, 0, 0, 0, 0, 0, 0, 0, 2, 2, 2, 2, 2, 2, 2]
[2, 2, 2, 2, 2, 2, 2, 0, 0, 0, 0, 0, 0, 0, 0, 0, 0, 0, 0, 0, 0, 0, 0, 0, 0, 2, 2, 2, 2, 2, 2, 2]
[2, 2, 2, 2, 2, 2, 2, 0, 0, 0, 0, 0, 0, 0, 0, 0, 0, 0, 0, 0, 0, 0, 0, 0, 0, 2, 2, 2, 2, 2, 2, 2]
[2, 2, 2, 2, 2, 2, 2, 0, 0, 0, 0, 0, 0, 0, 0, 0, 0, 0, 0, 0, 0, 0, 0, 0, 0, 2, 2, 2, 2, 2, 2, 2]
[2, 2, 2, 2, 2, 2, 2, 0, 0, 0, 0, 0, 0, 0, 0, 0, 0, 0, 0, 0, 0, 0, 0, 0, 0, 2, 2, 2, 2, 2, 2, 2]
[2, 2, 2, 2, 2, 2, 2, 0, 0, 0, 0, 0, 0, 0, 0, 0, 0, 0, 0, 0, 0, 0, 0, 0, 0, 2, 2, 2, 2, 2, 2, 2]
[2, 2, 2, 2, 2, 2, 2, 0, 0, 0, 0, 0, 0, 0, 0, 0, 0, 0, 0, 0, 0, 0, 0, 0, 0, 2, 2, 2, 2, 2, 2, 2]
[2, 2, 2, 2, 2, 2, 2, 0, 0, 0, 0, 0, 0, 0, 0, 0, 0, 0, 0, 0, 0, 0, 0, 0, 0, 2, 2, 2, 2, 2, 2, 2]
[2, 2, 2, 2, 2, 2, 2, 0, 0, 0, 0, 0, 0, 0, 0, 0, 0, 0, 0, 0, 0, 0, 0, 0, 0, 2, 2, 2, 2, 2, 2, 2]
[2, 2, 2, 2, 2, 2, 2, 0, 0, 0, 0, 0, 0, 0, 0, 0, 0, 0, 0, 0, 0, 0, 0, 0, 0, 2, 2, 2, 2, 2, 2, 2]
[2, 2, 2, 2, 2, 2, 2, 0, 0, 0, 0, 0, 0, 0, 0, 0, 0, 0, 0, 0, 0, 0, 0, 0, 0, 2, 2, 2, 2, 2, 2, 2]
[2, 2, 2, 2, 2, 2, 2, 0, 0, 0, 0, 0, 0, 0, 0, 0, 0, 0, 0, 0, 0, 0, 0, 0, 0, 2, 2, 2, 2, 2, 2, 2]
[2, 2, 2, 2, 2, 2, 2, 0, 0, 0, 0, 0, 0, 0, 0, 0, 0, 0, 0, 0, 0, 0, 0, 0, 0, 2, 2, 2, 2, 2, 2, 2]
[2, 2, 2, 2, 2, 2, 2, 0, 0, 0, 0, 0, 0, 0, 0, 0, 0, 0, 0, 0, 0, 0, 0, 0, 0, 2, 2, 2, 2, 2, 2, 2]
[2, 2, 2, 2, 2, 2, 2, 0, 0, 0, 0, 0, 0, 0, 0, 0, 0, 0, 0, 0, 0, 0, 0, 0, 0, 2, 2, 2, 2, 2, 2, 2]
[3, 4, 4, 4, 4, 4, 4, 2, 2, 2, 2, 2, 2, 2, 2, 2, 2, 2, 2, 2, 2, 2, 2, 2, 2, 4, 4, 4, 4, 4, 4, 3]
[3, 4, 4, 4, 4, 4, 4, 2, 2, 2, 2, 2, 2, 2, 2, 2, 2, 2, 2, 2, 2, 2, 2, 2, 2, 4, 4, 4, 4, 4, 4, 3]
[3, 4, 4, 4, 4, 4, 4, 2, 2, 2, 2, 2, 2, 2, 2, 2, 2, 2, 2, 2, 2, 2, 2, 2, 2, 4, 4, 4, 4, 4, 4, 3]
[3, 4, 4, 4, 4, 4, 4, 2, 2, 2, 2, 2, 2, 2, 2, 2, 2, 2, 2, 2, 2, 2, 2, 2, 2, 4, 4, 4, 4, 4, 4, 3]
[3, 4, 4, 4, 4, 4, 4, 2, 2, 2, 2, 2, 2, 2, 2, 2, 2, 2, 2, 2, 2, 2, 2, 2, 2, 4, 4, 4, 4, 4, 4, 3]
[3, 4, 4, 4, 4, 4, 4, 2, 2, 2, 2, 2, 2, 2, 2, 2, 2, 2, 2, 2, 2, 2, 2, 2, 2, 4, 4, 4, 4, 4, 4, 3]
[2, 3, 3, 3, 3, 3, 3, 2, 2, 2, 2, 2, 2, 2, 2, 2, 2, 2, 2, 2, 2, 2, 2, 2, 2, 3, 3, 3, 3, 3, 3, 2]
Edges: 868
Moves: 1736
Max Clique Size: 2
Number of Max Cliques: 1192
Number of Connected Components: 326
Connected Components Spatial Distribution
[  1,  2,  1,  2,  1,  2,  1,  2,  1,  2,  1,  2,  1,  2,  1,  2,  1,  2,  1,  2,  1,  2,  1,  2,  1,  2,  1,  2,  1,  2,  1,  2]
[  2,  1,  2,  1,  2,  1,  2,  1,  2,  1,  2,  1,  2,  1,  2,  1,  2,  1,  2,  1,  2,  1,  2,  1,  2,  1,  2,  1,  2,  1,  2,  1]
[  1,  2,  1,  2,  1,  2,  1,  2,  1,  2,  1,  2,  1,  2,  1,  2,  1,  2,  1,  2,  1,  2,  1,  2,  1,  2,  1,  2,  1,  2,  1,  2]
[  2,  1,  2,  1,  2,  1,  2,  1,  2,  1,  2,  1,  2,  1,  2,  1,  2,  1,  2,  1,  2,  1,  2,  1,  2,  1,  2,  1,  2,  1,  2,  1]
[  1,  2,  1,  2,  1,  2,  1,  2,  1,  2,  1,  2,  1,  2,  1,  2,  1,  2,  1,  2,  1,  2,  1,  2,  1,  2,  1,  2,  1,  2,  1,  2]
[  2,  1,  2,  1,  2,  1,  2,  1,  2,  1,  2,  1,  2,  1,  2,  1,  2,  1,  2,  1,  2,  1,  2,  1,  2,  1,  2,  1,  2,  1,  2,  1]
[  1,  2,  1,  2,  1,  2,  1,  2,  1,  2,  1,  2,  1,  2,  1,  2,  1,  2,  1,  2,  1,  2,  1,  2,  1,  2,  1,  2,  1,  2,  1,  2]
[  2,  1,  2,  1,  2,  1,  2,228, 59,194,  8,224, 43,176, 64,198, 33,165,305,187,  6,141, 39,169,326,  1,  2,  1,  2,  1,  2,  1]
[  1,  2,  1,  2,  1,  2,  1,269,244,209,170, 62, 30,314, 29,313,137,104, 70,103, 69, 37,245,210,185,  2,  1,  2,  1,  2,  1,  2]
[  2,  1,  2,  1,  2,  1,  2, 86,109, 22, 40,195,217,127,216,126,  3,240,254,239,253,168,110, 23, 52,  1,  2,  1,  2,  1,  2,  1]
[  1,  2,  1,  2,  1,  2,  1,316,292,156,121,112, 81,267,299, 45,186, 55, 17,147,118,306,193,258,235,  2,  1,  2,  1,  2,  1,  2]
[  2,  1,  2,  1,  2,  1,  2,129,154,294,308,247,264, 84,161,175, 54,188,204,285,304,119, 60, 75, 98,  1,  2,  1,  2,  1,  2,  1]
[  1,  2,  1,  2,  1,  2,  1,166, 20,307, 76,159,249,219,124,218,238,201,290,200,289,255, 21,111,281,  2,  1,  2,  1,  2,  1,  2]
[  2,  1,  2,  1,  2,  1,  2,303,207,120,259,297,114, 32,311, 31,101, 14,152, 13,151, 72,208,246,143,  1,  2,  1,  2,  1,  2,  1]
[  1,  2,  1,  2,  1,  2,  1,221, 73,257, 24,213,300,163, 80,266,284,148,242,251, 16,206,293,157, 10,  2,  1,  2,  1,  2,  1,  2]
[  2,  1,  2,  1,  2,  1,  2, 35,256, 74,211, 26,162,301,263, 83,146,286,107, 67,203, 19,155,295,196,  1,  2,  1,  2,  1,  2,  1]
[  1,  2,  1,  2,  1,  2,  1, 68,296,261,226,184,144,115,225,183,271,231,191,302,270,230,190,153, 63,  2,  1,  2,  1,  2,  1,  2]
[  2,  1,  2,  1,  2,  1,  2,202,158, 78, 90,325, 11,250, 89,324,131, 48, 57,116,130, 47, 56,291,248,  1,  2,  1,  2,  1,  2,  1]
[  1,  2,  1,  2,  1,  2,  1,117, 25,214,174,234,197, 66,173,233,318,181,140, 34,317,180,139,205,113,  2,  1,  2,  1,  2,  1,  2]
[  2,  1,  2,  1,  2,  1,  2,252,212, 27, 44, 51, 65,199, 42, 50,179,320,  7,164,178,319,  5, 18,298,  1,  2,  1,  2,  1,  2,  1]
[  1,  2,  1,  2,  1,  2,  1,287, 77, 41,125,280, 53, 12,323, 91, 46,  4, 94, 85,167,132,288, 58,160,  2,  1,  2,  1,  2,  1,  2]
[  2,  1,  2,  1,  2,  1,  2,105,260,172,312, 97,236,145,182,227,229,138,278,220, 36,272,150,192, 28,  1,  2,  1,  2,  1,  2,  1]
[  1,  2,  1,  2,  1,  2,  1, 15,122,310, 82,  9, 99,283,273,135, 92,277, 49,128,222, 88,241,108,215,  2,  1,  2,  1,  2,  1,  2]
[  2,  1,  2,  1,  2,  1,  2,149,309,123,265,142,282,100,134,274,276, 93,232,268, 87,223,106,243, 79,  1,  2,  1,  2,  1,  2,  1]
[  1,  2,  1,  2,  1,  2,  1,189,171,133, 96,315,275,237, 95, 61, 71, 38,322,177,136,102,321,279,262,  2,  1,  2,  1,  2,  1,  2]
[  2,  1,  2,  1,  2,  1,  2,  1,  2,  1,  2,  1,  2,  1,  2,  1,  2,  1,  2,  1,  2,  1,  2,  1,  2,  1,  2,  1,  2,  1,  2,  1]
[  1,  2,  1,  2,  1,  2,  1,  2,  1,  2,  1,  2,  1,  2,  1,  2,  1,  2,  1,  2,  1,  2,  1,  2,  1,  2,  1,  2,  1,  2,  1,  2]
[  2,  1,  2,  1,  2,  1,  2,  1,  2,  1,  2,  1,  2,  1,  2,  1,  2,  1,  2,  1,  2,  1,  2,  1,  2,  1,  2,  1,  2,  1,  2,  1]
[  1,  2,  1,  2,  1,  2,  1,  2,  1,  2,  1,  2,  1,  2,  1,  2,  1,  2,  1,  2,  1,  2,  1,  2,  1,  2,  1,  2,  1,  2,  1,  2]
[  2,  1,  2,  1,  2,  1,  2,  1,  2,  1,  2,  1,  2,  1,  2,  1,  2,  1,  2,  1,  2,  1,  2,  1,  2,  1,  2,  1,  2,  1,  2,  1]
[  1,  2,  1,  2,  1,  2,  1,  2,  1,  2,  1,  2,  1,  2,  1,  2,  1,  2,  1,  2,  1,  2,  1,  2,  1,  2,  1,  2,  1,  2,  1,  2]
[  2,  1,  2,  1,  2,  1,  2,  1,  2,  1,  2,  1,  2,  1,  2,  1,  2,  1,  2,  1,  2,  1,  2,  1,  2,  1,  2,  1,  2,  1,  2,  1]
