[d, p, q] = [26, 2, 24]
256,0,528,96,144
Degree Spatial distribution
[2, 2, 3, 3, 3, 3, 3, 3, 2, 2, 2, 2, 2, 2, 2, 2, 2, 2, 2, 2, 2, 2, 2, 2, 3, 3, 3, 3, 3, 3, 2, 2]
[2, 2, 3, 3, 3, 3, 3, 3, 2, 2, 2, 2, 2, 2, 2, 2, 2, 2, 2, 2, 2, 2, 2, 2, 3, 3, 3, 3, 3, 3, 2, 2]
[3, 3, 4, 4, 4, 4, 4, 4, 2, 2, 2, 2, 2, 2, 2, 2, 2, 2, 2, 2, 2, 2, 2, 2, 4, 4, 4, 4, 4, 4, 3, 3]
[3, 3, 4, 4, 4, 4, 4, 4, 2, 2, 2, 2, 2, 2, 2, 2, 2, 2, 2, 2, 2, 2, 2, 2, 4, 4, 4, 4, 4, 4, 3, 3]
[3, 3, 4, 4, 4, 4, 4, 4, 2, 2, 2, 2, 2, 2, 2, 2, 2, 2, 2, 2, 2, 2, 2, 2, 4, 4, 4, 4, 4, 4, 3, 3]
[3, 3, 4, 4, 4, 4, 4, 4, 2, 2, 2, 2, 2, 2, 2, 2, 2, 2, 2, 2, 2, 2, 2, 2, 4, 4, 4, 4, 4, 4, 3, 3]
[3, 3, 4, 4, 4, 4, 4, 4, 2, 2, 2, 2, 2, 2, 2, 2, 2, 2, 2, 2, 2, 2, 2, 2, 4, 4, 4, 4, 4, 4, 3, 3]
[3, 3, 4, 4, 4, 4, 4, 4, 2, 2, 2, 2, 2, 2, 2, 2, 2, 2, 2, 2, 2, 2, 2, 2, 4, 4, 4, 4, 4, 4, 3, 3]
[2, 2, 2, 2, 2, 2, 2, 2, 0, 0, 0, 0, 0, 0, 0, 0, 0, 0, 0, 0, 0, 0, 0, 0, 2, 2, 2, 2, 2, 2, 2, 2]
[2, 2, 2, 2, 2, 2, 2, 2, 0, 0, 0, 0, 0, 0, 0, 0, 0, 0, 0, 0, 0, 0, 0, 0, 2, 2, 2, 2, 2, 2, 2, 2]
[2, 2, 2, 2, 2, 2, 2, 2, 0, 0, 0, 0, 0, 0, 0, 0, 0, 0, 0, 0, 0, 0, 0, 0, 2, 2, 2, 2, 2, 2, 2, 2]
[2, 2, 2, 2, 2, 2, 2, 2, 0, 0, 0, 0, 0, 0, 0, 0, 0, 0, 0, 0, 0, 0, 0, 0, 2, 2, 2, 2, 2, 2, 2, 2]
[2, 2, 2, 2, 2, 2, 2, 2, 0, 0, 0, 0, 0, 0, 0, 0, 0, 0, 0, 0, 0, 0, 0, 0, 2, 2, 2, 2, 2, 2, 2, 2]
[2, 2, 2, 2, 2, 2, 2, 2, 0, 0, 0, 0, 0, 0, 0, 0, 0, 0, 0, 0, 0, 0, 0, 0, 2, 2, 2, 2, 2, 2, 2, 2]
[2, 2, 2, 2, 2, 2, 2, 2, 0, 0, 0, 0, 0, 0, 0, 0, 0, 0, 0, 0, 0, 0, 0, 0, 2, 2, 2, 2, 2, 2, 2, 2]
[2, 2, 2, 2, 2, 2, 2, 2, 0, 0, 0, 0, 0, 0, 0, 0, 0, 0, 0, 0, 0, 0, 0, 0, 2, 2, 2, 2, 2, 2, 2, 2]
[2, 2, 2, 2, 2, 2, 2, 2, 0, 0, 0, 0, 0, 0, 0, 0, 0, 0, 0, 0, 0, 0, 0, 0, 2, 2, 2, 2, 2, 2, 2, 2]
[2, 2, 2, 2, 2, 2, 2, 2, 0, 0, 0, 0, 0, 0, 0, 0, 0, 0, 0, 0, 0, 0, 0, 0, 2, 2, 2, 2, 2, 2, 2, 2]
[2, 2, 2, 2, 2, 2, 2, 2, 0, 0, 0, 0, 0, 0, 0, 0, 0, 0, 0, 0, 0, 0, 0, 0, 2, 2, 2, 2, 2, 2, 2, 2]
[2, 2, 2, 2, 2, 2, 2, 2, 0, 0, 0, 0, 0, 0, 0, 0, 0, 0, 0, 0, 0, 0, 0, 0, 2, 2, 2, 2, 2, 2, 2, 2]
[2, 2, 2, 2, 2, 2, 2, 2, 0, 0, 0, 0, 0, 0, 0, 0, 0, 0, 0, 0, 0, 0, 0, 0, 2, 2, 2, 2, 2, 2, 2, 2]
[2, 2, 2, 2, 2, 2, 2, 2, 0, 0, 0, 0, 0, 0, 0, 0, 0, 0, 0, 0, 0, 0, 0, 0, 2, 2, 2, 2, 2, 2, 2, 2]
[2, 2, 2, 2, 2, 2, 2, 2, 0, 0, 0, 0, 0, 0, 0, 0, 0, 0, 0, 0, 0, 0, 0, 0, 2, 2, 2, 2, 2, 2, 2, 2]
[2, 2, 2, 2, 2, 2, 2, 2, 0, 0, 0, 0, 0, 0, 0, 0, 0, 0, 0, 0, 0, 0, 0, 0, 2, 2, 2, 2, 2, 2, 2, 2]
[3, 3, 4, 4, 4, 4, 4, 4, 2, 2, 2, 2, 2, 2, 2, 2, 2, 2, 2, 2, 2, 2, 2, 2, 4, 4, 4, 4, 4, 4, 3, 3]
[3, 3, 4, 4, 4, 4, 4, 4, 2, 2, 2, 2, 2, 2, 2, 2, 2, 2, 2, 2, 2, 2, 2, 2, 4, 4, 4, 4, 4, 4, 3, 3]
[3, 3, 4, 4, 4, 4, 4, 4, 2, 2, 2, 2, 2, 2, 2, 2, 2, 2, 2, 2, 2, 2, 2, 2, 4, 4, 4, 4, 4, 4, 3, 3]
[3, 3, 4, 4, 4, 4, 4, 4, 2, 2, 2, 2, 2, 2, 2, 2, 2, 2, 2, 2, 2, 2, 2, 2, 4, 4, 4, 4, 4, 4, 3, 3]
[3, 3, 4, 4, 4, 4, 4, 4, 2, 2, 2, 2, 2, 2, 2, 2, 2, 2, 2, 2, 2, 2, 2, 2, 4, 4, 4, 4, 4, 4, 3, 3]
[3, 3, 4, 4, 4, 4, 4, 4, 2, 2, 2, 2, 2, 2, 2, 2, 2, 2, 2, 2, 2, 2, 2, 2, 4, 4, 4, 4, 4, 4, 3, 3]
[2, 2, 3, 3, 3, 3, 3, 3, 2, 2, 2, 2, 2, 2, 2, 2, 2, 2, 2, 2, 2, 2, 2, 2, 3, 3, 3, 3, 3, 3, 2, 2]
[2, 2, 3, 3, 3, 3, 3, 3, 2, 2, 2, 2, 2, 2, 2, 2, 2, 2, 2, 2, 2, 2, 2, 2, 3, 3, 3, 3, 3, 3, 2, 2]
Edges: 960
Moves: 1920
Max Clique Size: 2
Number of Max Cliques: 1216
Number of Connected Components: 260
Connected Components Spatial Distribution
[  5,  2,  5,  2,  5,  2,  5,  2,  5,  2,  5,  2,  5,  2,  5,  2,  5,  2,  5,  2,  5,  2,  5,  2,  5,  2,  5,  2,  5,  2,  5,  2]
[  3,  1,  3,  1,  3,  1,  3,  1,  3,  1,  3,  1,  3,  1,  3,  1,  3,  1,  3,  1,  3,  1,  3,  1,  3,  1,  3,  1,  3,  1,  3,  1]
[  5,  2,  5,  2,  5,  2,  5,  2,  5,  2,  5,  2,  5,  2,  5,  2,  5,  2,  5,  2,  5,  2,  5,  2,  5,  2,  5,  2,  5,  2,  5,  2]
[  3,  1,  3,  1,  3,  1,  3,  1,  3,  1,  3,  1,  3,  1,  3,  1,  3,  1,  3,  1,  3,  1,  3,  1,  3,  1,  3,  1,  3,  1,  3,  1]
[  5,  2,  5,  2,  5,  2,  5,  2,  5,  2,  5,  2,  5,  2,  5,  2,  5,  2,  5,  2,  5,  2,  5,  2,  5,  2,  5,  2,  5,  2,  5,  2]
[  3,  1,  3,  1,  3,  1,  3,  1,  3,  1,  3,  1,  3,  1,  3,  1,  3,  1,  3,  1,  3,  1,  3,  1,  3,  1,  3,  1,  3,  1,  3,  1]
[  5,  2,  5,  2,  5,  2,  5,  2,  5,  2,  5,  2,  5,  2,  5,  2,  5,  2,  5,  2,  5,  2,  5,  2,  5,  2,  5,  2,  5,  2,  5,  2]
[  3,  1,  3,  1,  3,  1,  3,  1,  3,  1,  3,  1,  3,  1,  3,  1,  3,  1,  3,  1,  3,  1,  3,  1,  3,  1,  3,  1,  3,  1,  3,  1]
[  5,  2,  5,  2,  5,  2,  5,  2,194,165,136, 51, 27,253, 26,252,110, 83, 56, 82, 55, 32,195,166,  5,  2,  5,  2,  5,  2,  5,  2]
[  3,  1,  3,  1,  3,  1,  3,  1, 87, 20, 33,154,172,103,171,102,  4,190,202,189,201,135, 88, 21,  3,  1,  3,  1,  3,  1,  3,  1]
[  5,  2,  5,  2,  5,  2,  5,  2,234,126, 97, 90, 65,214,240, 37,148, 46, 15,118, 94,245,153,206,  5,  2,  5,  2,  5,  2,  5,  2]
[  3,  1,  3,  1,  3,  1,  3,  1,124,236,247,197,211, 68,130,140, 45,149,160,228,244, 95, 50, 60,  3,  1,  3,  1,  3,  1,  3,  1]
[  5,  2,  5,  2,  5,  2,  5,  2, 18,246, 61,129,198,174,100,173,188,158,232,157,231,203, 19, 89,  5,  2,  5,  2,  5,  2,  5,  2]
[  3,  1,  3,  1,  3,  1,  3,  1,163, 96,207,239, 91, 29,250, 28, 81, 13,122, 12,121, 57,164,196,  3,  1,  3,  1,  3,  1,  3,  1]
[  5,  2,  5,  2,  5,  2,  5,  2, 58,205, 22,169,241,132, 64,213,227,119,192,200, 14,162,235,127,  5,  2,  5,  2,  5,  2,  5,  2]
[  3,  1,  3,  1,  3,  1,  3,  1,204, 59,167, 24,131,242,210, 67,117,229, 85, 54,159, 17,125,237,  3,  1,  3,  1,  3,  1,  3,  1]
[  5,  2,  5,  2,  5,  2,  5,  2,238,209,179,147,115, 92,178,146,217,183,151,243,216,182,150,123,  5,  2,  5,  2,  5,  2,  5,  2]
[  3,  1,  3,  1,  3,  1,  3,  1,128, 63, 73,260, 10,199, 72,259,106, 40, 48, 93,105, 39, 47,233,  3,  1,  3,  1,  3,  1,  3,  1]
[  5,  2,  5,  2,  5,  2,  5,  2, 23,170,139,186,155, 53,138,185,255,144,113, 30,254,143,112,161,  5,  2,  5,  2,  5,  2,  5,  2]
[  3,  1,  3,  1,  3,  1,  3,  1,168, 25, 36, 43, 52,156, 35, 42,142,257,  8,133,141,256,  7, 16,  3,  1,  3,  1,  3,  1,  3,  1]
[  5,  2,  5,  2,  5,  2,  5,  2, 62, 34,101,224, 44, 11,258, 74, 38,  6, 77, 69,134,107,230, 49,  5,  2,  5,  2,  5,  2,  5,  2]
[  3,  1,  3,  1,  3,  1,  3,  1,208,137,251, 78,187,116,145,180,181,111,223,175, 31,218,120,152,  3,  1,  3,  1,  3,  1,  3,  1]
[  5,  2,  5,  2,  5,  2,  5,  2, 98,249, 66,  9, 79,226,219,109, 75,222, 41,104,176, 71,191, 86,  5,  2,  5,  2,  5,  2,  5,  2]
[  3,  1,  3,  1,  3,  1,  3,  1,248, 99,212,114,225, 80,108,220,221, 76,184,215, 70,177, 84,193,  3,  1,  3,  1,  3,  1,  3,  1]
[  5,  2,  5,  2,  5,  2,  5,  2,  5,  2,  5,  2,  5,  2,  5,  2,  5,  2,  5,  2,  5,  2,  5,  2,  5,  2,  5,  2,  5,  2,  5,  2]
[  3,  1,  3,  1,  3,  1,  3,  1,  3,  1,  3,  1,  3,  1,  3,  1,  3,  1,  3,  1,  3,  1,  3,  1,  3,  1,  3,  1,  3,  1,  3,  1]
[  5,  2,  5,  2,  5,  2,  5,  2,  5,  2,  5,  2,  5,  2,  5,  2,  5,  2,  5,  2,  5,  2,  5,  2,  5,  2,  5,  2,  5,  2,  5,  2]
[  3,  1,  3,  1,  3,  1,  3,  1,  3,  1,  3,  1,  3,  1,  3,  1,  3,  1,  3,  1,  3,  1,  3,  1,  3,  1,  3,  1,  3,  1,  3,  1]
[  5,  2,  5,  2,  5,  2,  5,  2,  5,  2,  5,  2,  5,  2,  5,  2,  5,  2,  5,  2,  5,  2,  5,  2,  5,  2,  5,  2,  5,  2,  5,  2]
[  3,  1,  3,  1,  3,  1,  3,  1,  3,  1,  3,  1,  3,  1,  3,  1,  3,  1,  3,  1,  3,  1,  3,  1,  3,  1,  3,  1,  3,  1,  3,  1]
[  5,  2,  5,  2,  5,  2,  5,  2,  5,  2,  5,  2,  5,  2,  5,  2,  5,  2,  5,  2,  5,  2,  5,  2,  5,  2,  5,  2,  5,  2,  5,  2]
[  3,  1,  3,  1,  3,  1,  3,  1,  3,  1,  3,  1,  3,  1,  3,  1,  3,  1,  3,  1,  3,  1,  3,  1,  3,  1,  3,  1,  3,  1,  3,  1]
