[d, p, q] = [26, 5, 21]
100,0,540,240,144
Degree Spatial distribution
[2, 2, 2, 2, 2, 3, 3, 3, 3, 3, 3, 2, 2, 2, 2, 2, 2, 2, 2, 2, 2, 3, 3, 3, 3, 3, 3, 2, 2, 2, 2, 2]
[2, 2, 2, 2, 2, 3, 3, 3, 3, 3, 3, 2, 2, 2, 2, 2, 2, 2, 2, 2, 2, 3, 3, 3, 3, 3, 3, 2, 2, 2, 2, 2]
[2, 2, 2, 2, 2, 3, 3, 3, 3, 3, 3, 2, 2, 2, 2, 2, 2, 2, 2, 2, 2, 3, 3, 3, 3, 3, 3, 2, 2, 2, 2, 2]
[2, 2, 2, 2, 2, 3, 3, 3, 3, 3, 3, 2, 2, 2, 2, 2, 2, 2, 2, 2, 2, 3, 3, 3, 3, 3, 3, 2, 2, 2, 2, 2]
[2, 2, 2, 2, 2, 3, 3, 3, 3, 3, 3, 2, 2, 2, 2, 2, 2, 2, 2, 2, 2, 3, 3, 3, 3, 3, 3, 2, 2, 2, 2, 2]
[3, 3, 3, 3, 3, 4, 4, 4, 4, 4, 4, 2, 2, 2, 2, 2, 2, 2, 2, 2, 2, 4, 4, 4, 4, 4, 4, 3, 3, 3, 3, 3]
[3, 3, 3, 3, 3, 4, 4, 4, 4, 4, 4, 2, 2, 2, 2, 2, 2, 2, 2, 2, 2, 4, 4, 4, 4, 4, 4, 3, 3, 3, 3, 3]
[3, 3, 3, 3, 3, 4, 4, 4, 4, 4, 4, 2, 2, 2, 2, 2, 2, 2, 2, 2, 2, 4, 4, 4, 4, 4, 4, 3, 3, 3, 3, 3]
[3, 3, 3, 3, 3, 4, 4, 4, 4, 4, 4, 2, 2, 2, 2, 2, 2, 2, 2, 2, 2, 4, 4, 4, 4, 4, 4, 3, 3, 3, 3, 3]
[3, 3, 3, 3, 3, 4, 4, 4, 4, 4, 4, 2, 2, 2, 2, 2, 2, 2, 2, 2, 2, 4, 4, 4, 4, 4, 4, 3, 3, 3, 3, 3]
[3, 3, 3, 3, 3, 4, 4, 4, 4, 4, 4, 2, 2, 2, 2, 2, 2, 2, 2, 2, 2, 4, 4, 4, 4, 4, 4, 3, 3, 3, 3, 3]
[2, 2, 2, 2, 2, 2, 2, 2, 2, 2, 2, 0, 0, 0, 0, 0, 0, 0, 0, 0, 0, 2, 2, 2, 2, 2, 2, 2, 2, 2, 2, 2]
[2, 2, 2, 2, 2, 2, 2, 2, 2, 2, 2, 0, 0, 0, 0, 0, 0, 0, 0, 0, 0, 2, 2, 2, 2, 2, 2, 2, 2, 2, 2, 2]
[2, 2, 2, 2, 2, 2, 2, 2, 2, 2, 2, 0, 0, 0, 0, 0, 0, 0, 0, 0, 0, 2, 2, 2, 2, 2, 2, 2, 2, 2, 2, 2]
[2, 2, 2, 2, 2, 2, 2, 2, 2, 2, 2, 0, 0, 0, 0, 0, 0, 0, 0, 0, 0, 2, 2, 2, 2, 2, 2, 2, 2, 2, 2, 2]
[2, 2, 2, 2, 2, 2, 2, 2, 2, 2, 2, 0, 0, 0, 0, 0, 0, 0, 0, 0, 0, 2, 2, 2, 2, 2, 2, 2, 2, 2, 2, 2]
[2, 2, 2, 2, 2, 2, 2, 2, 2, 2, 2, 0, 0, 0, 0, 0, 0, 0, 0, 0, 0, 2, 2, 2, 2, 2, 2, 2, 2, 2, 2, 2]
[2, 2, 2, 2, 2, 2, 2, 2, 2, 2, 2, 0, 0, 0, 0, 0, 0, 0, 0, 0, 0, 2, 2, 2, 2, 2, 2, 2, 2, 2, 2, 2]
[2, 2, 2, 2, 2, 2, 2, 2, 2, 2, 2, 0, 0, 0, 0, 0, 0, 0, 0, 0, 0, 2, 2, 2, 2, 2, 2, 2, 2, 2, 2, 2]
[2, 2, 2, 2, 2, 2, 2, 2, 2, 2, 2, 0, 0, 0, 0, 0, 0, 0, 0, 0, 0, 2, 2, 2, 2, 2, 2, 2, 2, 2, 2, 2]
[2, 2, 2, 2, 2, 2, 2, 2, 2, 2, 2, 0, 0, 0, 0, 0, 0, 0, 0, 0, 0, 2, 2, 2, 2, 2, 2, 2, 2, 2, 2, 2]
[3, 3, 3, 3, 3, 4, 4, 4, 4, 4, 4, 2, 2, 2, 2, 2, 2, 2, 2, 2, 2, 4, 4, 4, 4, 4, 4, 3, 3, 3, 3, 3]
[3, 3, 3, 3, 3, 4, 4, 4, 4, 4, 4, 2, 2, 2, 2, 2, 2, 2, 2, 2, 2, 4, 4, 4, 4, 4, 4, 3, 3, 3, 3, 3]
[3, 3, 3, 3, 3, 4, 4, 4, 4, 4, 4, 2, 2, 2, 2, 2, 2, 2, 2, 2, 2, 4, 4, 4, 4, 4, 4, 3, 3, 3, 3, 3]
[3, 3, 3, 3, 3, 4, 4, 4, 4, 4, 4, 2, 2, 2, 2, 2, 2, 2, 2, 2, 2, 4, 4, 4, 4, 4, 4, 3, 3, 3, 3, 3]
[3, 3, 3, 3, 3, 4, 4, 4, 4, 4, 4, 2, 2, 2, 2, 2, 2, 2, 2, 2, 2, 4, 4, 4, 4, 4, 4, 3, 3, 3, 3, 3]
[3, 3, 3, 3, 3, 4, 4, 4, 4, 4, 4, 2, 2, 2, 2, 2, 2, 2, 2, 2, 2, 4, 4, 4, 4, 4, 4, 3, 3, 3, 3, 3]
[2, 2, 2, 2, 2, 3, 3, 3, 3, 3, 3, 2, 2, 2, 2, 2, 2, 2, 2, 2, 2, 3, 3, 3, 3, 3, 3, 2, 2, 2, 2, 2]
[2, 2, 2, 2, 2, 3, 3, 3, 3, 3, 3, 2, 2, 2, 2, 2, 2, 2, 2, 2, 2, 3, 3, 3, 3, 3, 3, 2, 2, 2, 2, 2]
[2, 2, 2, 2, 2, 3, 3, 3, 3, 3, 3, 2, 2, 2, 2, 2, 2, 2, 2, 2, 2, 3, 3, 3, 3, 3, 3, 2, 2, 2, 2, 2]
[2, 2, 2, 2, 2, 3, 3, 3, 3, 3, 3, 2, 2, 2, 2, 2, 2, 2, 2, 2, 2, 3, 3, 3, 3, 3, 3, 2, 2, 2, 2, 2]
[2, 2, 2, 2, 2, 3, 3, 3, 3, 3, 3, 2, 2, 2, 2, 2, 2, 2, 2, 2, 2, 3, 3, 3, 3, 3, 3, 2, 2, 2, 2, 2]
Edges: 1188
Moves: 2376
Max Clique Size: 2
Number of Max Cliques: 1288
Number of Connected Components: 102
Connected Components Spatial Distribution
[  1,  2,  1,  2,  1,  2,  1,  2,  1,  2,  1,  2,  1,  2,  1,  2,  1,  2,  1,  2,  1,  2,  1,  2,  1,  2,  1,  2,  1,  2,  1,  2]
[  2,  1,  2,  1,  2,  1,  2,  1,  2,  1,  2,  1,  2,  1,  2,  1,  2,  1,  2,  1,  2,  1,  2,  1,  2,  1,  2,  1,  2,  1,  2,  1]
[  1,  2,  1,  2,  1,  2,  1,  2,  1,  2,  1,  2,  1,  2,  1,  2,  1,  2,  1,  2,  1,  2,  1,  2,  1,  2,  1,  2,  1,  2,  1,  2]
[  2,  1,  2,  1,  2,  1,  2,  1,  2,  1,  2,  1,  2,  1,  2,  1,  2,  1,  2,  1,  2,  1,  2,  1,  2,  1,  2,  1,  2,  1,  2,  1]
[  1,  2,  1,  2,  1,  2,  1,  2,  1,  2,  1,  2,  1,  2,  1,  2,  1,  2,  1,  2,  1,  2,  1,  2,  1,  2,  1,  2,  1,  2,  1,  2]
[  2,  1,  2,  1,  2,  1,  2,  1,  2,  1,  2,  1,  2,  1,  2,  1,  2,  1,  2,  1,  2,  1,  2,  1,  2,  1,  2,  1,  2,  1,  2,  1]
[  1,  2,  1,  2,  1,  2,  1,  2,  1,  2,  1,  2,  1,  2,  1,  2,  1,  2,  1,  2,  1,  2,  1,  2,  1,  2,  1,  2,  1,  2,  1,  2]
[  2,  1,  2,  1,  2,  1,  2,  1,  2,  1,  2,  1,  2,  1,  2,  1,  2,  1,  2,  1,  2,  1,  2,  1,  2,  1,  2,  1,  2,  1,  2,  1]
[  1,  2,  1,  2,  1,  2,  1,  2,  1,  2,  1,  2,  1,  2,  1,  2,  1,  2,  1,  2,  1,  2,  1,  2,  1,  2,  1,  2,  1,  2,  1,  2]
[  2,  1,  2,  1,  2,  1,  2,  1,  2,  1,  2,  1,  2,  1,  2,  1,  2,  1,  2,  1,  2,  1,  2,  1,  2,  1,  2,  1,  2,  1,  2,  1]
[  1,  2,  1,  2,  1,  2,  1,  2,  1,  2,  1,  2,  1,  2,  1,  2,  1,  2,  1,  2,  1,  2,  1,  2,  1,  2,  1,  2,  1,  2,  1,  2]
[  2,  1,  2,  1,  2,  1,  2,  1,  2,  1,  2, 76, 81, 27, 47, 53, 20, 59, 66, 87, 95,  1,  2,  1,  2,  1,  2,  1,  2,  1,  2,  1]
[  1,  2,  1,  2,  1,  2,  1,  2,  1,  2,  1, 46, 77, 69, 37, 68, 74, 64, 90, 63, 89,  2,  1,  2,  1,  2,  1,  2,  1,  2,  1,  2]
[  2,  1,  2,  1,  2,  1,  2,  1,  2,  1,  2, 91, 34, 12, 96, 11, 32,  8, 45,  7, 44,  1,  2,  1,  2,  1,  2,  1,  2,  1,  2,  1]
[  1,  2,  1,  2,  1,  2,  1,  2,  1,  2,  1, 67, 92, 49, 25, 82, 86, 43, 75, 79,  9,  2,  1,  2,  1,  2,  1,  2,  1,  2,  1,  2]
[  2,  1,  2,  1,  2,  1,  2,  1,  2,  1,  2, 10, 48, 93, 80, 26, 42, 88, 33, 24, 65,  1,  2,  1,  2,  1,  2,  1,  2,  1,  2,  1]
[  1,  2,  1,  2,  1,  2,  1,  2,  1,  2,  1, 58, 41, 35, 70, 57, 84, 71, 60, 94, 83,  2,  1,  2,  1,  2,  1,  2,  1,  2,  1,  2]
[  2,  1,  2,  1,  2,  1,  2,  1,  2,  1,  2,102,  5, 78, 29,101, 39, 16, 21, 36, 38,  1,  2,  1,  2,  1,  2,  1,  2,  1,  2,  1]
[  1,  2,  1,  2,  1,  2,  1,  2,  1,  2,  1, 73, 61, 23, 52, 72, 98, 56, 40, 13, 97,  2,  1,  2,  1,  2,  1,  2,  1,  2,  1,  2]
[  2,  1,  2,  1,  2,  1,  2,  1,  2,  1,  2, 18, 22, 62, 14, 17, 55, 99,  4, 50, 54,  1,  2,  1,  2,  1,  2,  1,  2,  1,  2,  1]
[  1,  2,  1,  2,  1,  2,  1,  2,  1,  2,  1, 85, 19,  6,100, 30, 15,  3, 31, 28, 51,  2,  1,  2,  1,  2,  1,  2,  1,  2,  1,  2]
[  2,  1,  2,  1,  2,  1,  2,  1,  2,  1,  2,  1,  2,  1,  2,  1,  2,  1,  2,  1,  2,  1,  2,  1,  2,  1,  2,  1,  2,  1,  2,  1]
[  1,  2,  1,  2,  1,  2,  1,  2,  1,  2,  1,  2,  1,  2,  1,  2,  1,  2,  1,  2,  1,  2,  1,  2,  1,  2,  1,  2,  1,  2,  1,  2]
[  2,  1,  2,  1,  2,  1,  2,  1,  2,  1,  2,  1,  2,  1,  2,  1,  2,  1,  2,  1,  2,  1,  2,  1,  2,  1,  2,  1,  2,  1,  2,  1]
[  1,  2,  1,  2,  1,  2,  1,  2,  1,  2,  1,  2,  1,  2,  1,  2,  1,  2,  1,  2,  1,  2,  1,  2,  1,  2,  1,  2,  1,  2,  1,  2]
[  2,  1,  2,  1,  2,  1,  2,  1,  2,  1,  2,  1,  2,  1,  2,  1,  2,  1,  2,  1,  2,  1,  2,  1,  2,  1,  2,  1,  2,  1,  2,  1]
[  1,  2,  1,  2,  1,  2,  1,  2,  1,  2,  1,  2,  1,  2,  1,  2,  1,  2,  1,  2,  1,  2,  1,  2,  1,  2,  1,  2,  1,  2,  1,  2]
[  2,  1,  2,  1,  2,  1,  2,  1,  2,  1,  2,  1,  2,  1,  2,  1,  2,  1,  2,  1,  2,  1,  2,  1,  2,  1,  2,  1,  2,  1,  2,  1]
[  1,  2,  1,  2,  1,  2,  1,  2,  1,  2,  1,  2,  1,  2,  1,  2,  1,  2,  1,  2,  1,  2,  1,  2,  1,  2,  1,  2,  1,  2,  1,  2]
[  2,  1,  2,  1,  2,  1,  2,  1,  2,  1,  2,  1,  2,  1,  2,  1,  2,  1,  2,  1,  2,  1,  2,  1,  2,  1,  2,  1,  2,  1,  2,  1]
[  1,  2,  1,  2,  1,  2,  1,  2,  1,  2,  1,  2,  1,  2,  1,  2,  1,  2,  1,  2,  1,  2,  1,  2,  1,  2,  1,  2,  1,  2,  1,  2]
[  2,  1,  2,  1,  2,  1,  2,  1,  2,  1,  2,  1,  2,  1,  2,  1,  2,  1,  2,  1,  2,  1,  2,  1,  2,  1,  2,  1,  2,  1,  2,  1]
