[d, p, q] = [27, 12, 15]
0,0,576,288,132,0,24,0,4
Degree Spatial distribution
[2, 2, 2, 2, 2, 2, 2, 2, 2, 2, 2, 2, 3, 3, 3, 4, 4, 3, 3, 3, 2, 2, 2, 2, 2, 2, 2, 2, 2, 2, 2, 2]
[2, 2, 2, 2, 2, 2, 2, 2, 2, 2, 2, 2, 3, 3, 3, 4, 4, 3, 3, 3, 2, 2, 2, 2, 2, 2, 2, 2, 2, 2, 2, 2]
[2, 2, 2, 2, 2, 2, 2, 2, 2, 2, 2, 2, 3, 3, 3, 4, 4, 3, 3, 3, 2, 2, 2, 2, 2, 2, 2, 2, 2, 2, 2, 2]
[2, 2, 2, 2, 2, 2, 2, 2, 2, 2, 2, 2, 3, 3, 3, 4, 4, 3, 3, 3, 2, 2, 2, 2, 2, 2, 2, 2, 2, 2, 2, 2]
[2, 2, 2, 2, 2, 2, 2, 2, 2, 2, 2, 2, 3, 3, 3, 4, 4, 3, 3, 3, 2, 2, 2, 2, 2, 2, 2, 2, 2, 2, 2, 2]
[2, 2, 2, 2, 2, 2, 2, 2, 2, 2, 2, 2, 3, 3, 3, 4, 4, 3, 3, 3, 2, 2, 2, 2, 2, 2, 2, 2, 2, 2, 2, 2]
[2, 2, 2, 2, 2, 2, 2, 2, 2, 2, 2, 2, 3, 3, 3, 4, 4, 3, 3, 3, 2, 2, 2, 2, 2, 2, 2, 2, 2, 2, 2, 2]
[2, 2, 2, 2, 2, 2, 2, 2, 2, 2, 2, 2, 3, 3, 3, 4, 4, 3, 3, 3, 2, 2, 2, 2, 2, 2, 2, 2, 2, 2, 2, 2]
[2, 2, 2, 2, 2, 2, 2, 2, 2, 2, 2, 2, 3, 3, 3, 4, 4, 3, 3, 3, 2, 2, 2, 2, 2, 2, 2, 2, 2, 2, 2, 2]
[2, 2, 2, 2, 2, 2, 2, 2, 2, 2, 2, 2, 3, 3, 3, 4, 4, 3, 3, 3, 2, 2, 2, 2, 2, 2, 2, 2, 2, 2, 2, 2]
[2, 2, 2, 2, 2, 2, 2, 2, 2, 2, 2, 2, 3, 3, 3, 4, 4, 3, 3, 3, 2, 2, 2, 2, 2, 2, 2, 2, 2, 2, 2, 2]
[2, 2, 2, 2, 2, 2, 2, 2, 2, 2, 2, 2, 3, 3, 3, 4, 4, 3, 3, 3, 2, 2, 2, 2, 2, 2, 2, 2, 2, 2, 2, 2]
[3, 3, 3, 3, 3, 3, 3, 3, 3, 3, 3, 3, 4, 4, 4, 6, 6, 4, 4, 4, 3, 3, 3, 3, 3, 3, 3, 3, 3, 3, 3, 3]
[3, 3, 3, 3, 3, 3, 3, 3, 3, 3, 3, 3, 4, 4, 4, 6, 6, 4, 4, 4, 3, 3, 3, 3, 3, 3, 3, 3, 3, 3, 3, 3]
[3, 3, 3, 3, 3, 3, 3, 3, 3, 3, 3, 3, 4, 4, 4, 6, 6, 4, 4, 4, 3, 3, 3, 3, 3, 3, 3, 3, 3, 3, 3, 3]
[4, 4, 4, 4, 4, 4, 4, 4, 4, 4, 4, 4, 6, 6, 6, 8, 8, 6, 6, 6, 4, 4, 4, 4, 4, 4, 4, 4, 4, 4, 4, 4]
[4, 4, 4, 4, 4, 4, 4, 4, 4, 4, 4, 4, 6, 6, 6, 8, 8, 6, 6, 6, 4, 4, 4, 4, 4, 4, 4, 4, 4, 4, 4, 4]
[3, 3, 3, 3, 3, 3, 3, 3, 3, 3, 3, 3, 4, 4, 4, 6, 6, 4, 4, 4, 3, 3, 3, 3, 3, 3, 3, 3, 3, 3, 3, 3]
[3, 3, 3, 3, 3, 3, 3, 3, 3, 3, 3, 3, 4, 4, 4, 6, 6, 4, 4, 4, 3, 3, 3, 3, 3, 3, 3, 3, 3, 3, 3, 3]
[3, 3, 3, 3, 3, 3, 3, 3, 3, 3, 3, 3, 4, 4, 4, 6, 6, 4, 4, 4, 3, 3, 3, 3, 3, 3, 3, 3, 3, 3, 3, 3]
[2, 2, 2, 2, 2, 2, 2, 2, 2, 2, 2, 2, 3, 3, 3, 4, 4, 3, 3, 3, 2, 2, 2, 2, 2, 2, 2, 2, 2, 2, 2, 2]
[2, 2, 2, 2, 2, 2, 2, 2, 2, 2, 2, 2, 3, 3, 3, 4, 4, 3, 3, 3, 2, 2, 2, 2, 2, 2, 2, 2, 2, 2, 2, 2]
[2, 2, 2, 2, 2, 2, 2, 2, 2, 2, 2, 2, 3, 3, 3, 4, 4, 3, 3, 3, 2, 2, 2, 2, 2, 2, 2, 2, 2, 2, 2, 2]
[2, 2, 2, 2, 2, 2, 2, 2, 2, 2, 2, 2, 3, 3, 3, 4, 4, 3, 3, 3, 2, 2, 2, 2, 2, 2, 2, 2, 2, 2, 2, 2]
[2, 2, 2, 2, 2, 2, 2, 2, 2, 2, 2, 2, 3, 3, 3, 4, 4, 3, 3, 3, 2, 2, 2, 2, 2, 2, 2, 2, 2, 2, 2, 2]
[2, 2, 2, 2, 2, 2, 2, 2, 2, 2, 2, 2, 3, 3, 3, 4, 4, 3, 3, 3, 2, 2, 2, 2, 2, 2, 2, 2, 2, 2, 2, 2]
[2, 2, 2, 2, 2, 2, 2, 2, 2, 2, 2, 2, 3, 3, 3, 4, 4, 3, 3, 3, 2, 2, 2, 2, 2, 2, 2, 2, 2, 2, 2, 2]
[2, 2, 2, 2, 2, 2, 2, 2, 2, 2, 2, 2, 3, 3, 3, 4, 4, 3, 3, 3, 2, 2, 2, 2, 2, 2, 2, 2, 2, 2, 2, 2]
[2, 2, 2, 2, 2, 2, 2, 2, 2, 2, 2, 2, 3, 3, 3, 4, 4, 3, 3, 3, 2, 2, 2, 2, 2, 2, 2, 2, 2, 2, 2, 2]
[2, 2, 2, 2, 2, 2, 2, 2, 2, 2, 2, 2, 3, 3, 3, 4, 4, 3, 3, 3, 2, 2, 2, 2, 2, 2, 2, 2, 2, 2, 2, 2]
[2, 2, 2, 2, 2, 2, 2, 2, 2, 2, 2, 2, 3, 3, 3, 4, 4, 3, 3, 3, 2, 2, 2, 2, 2, 2, 2, 2, 2, 2, 2, 2]
[2, 2, 2, 2, 2, 2, 2, 2, 2, 2, 2, 2, 3, 3, 3, 4, 4, 3, 3, 3, 2, 2, 2, 2, 2, 2, 2, 2, 2, 2, 2, 2]
Edges: 1360
Moves: 2720
Max Clique Size: 2
Number of Max Cliques: 1360
Number of Connected Components: 9
Connected Components Spatial Distribution
[ 6, 1, 9, 6, 1, 9, 6, 1, 9, 6, 1, 9, 6, 1, 9, 6, 1, 9, 6, 1, 9, 6, 1, 9, 6, 1, 9, 6, 1, 9, 6, 1]
[ 3, 4, 2, 3, 4, 2, 3, 4, 2, 3, 4, 2, 3, 4, 2, 3, 4, 2, 3, 4, 2, 3, 4, 2, 3, 4, 2, 3, 4, 2, 3, 4]
[ 7, 8, 5, 7, 8, 5, 7, 8, 5, 7, 8, 5, 7, 8, 5, 7, 8, 5, 7, 8, 5, 7, 8, 5, 7, 8, 5, 7, 8, 5, 7, 8]
[ 6, 1, 9, 6, 1, 9, 6, 1, 9, 6, 1, 9, 6, 1, 9, 6, 1, 9, 6, 1, 9, 6, 1, 9, 6, 1, 9, 6, 1, 9, 6, 1]
[ 3, 4, 2, 3, 4, 2, 3, 4, 2, 3, 4, 2, 3, 4, 2, 3, 4, 2, 3, 4, 2, 3, 4, 2, 3, 4, 2, 3, 4, 2, 3, 4]
[ 7, 8, 5, 7, 8, 5, 7, 8, 5, 7, 8, 5, 7, 8, 5, 7, 8, 5, 7, 8, 5, 7, 8, 5, 7, 8, 5, 7, 8, 5, 7, 8]
[ 6, 1, 9, 6, 1, 9, 6, 1, 9, 6, 1, 9, 6, 1, 9, 6, 1, 9, 6, 1, 9, 6, 1, 9, 6, 1, 9, 6, 1, 9, 6, 1]
[ 3, 4, 2, 3, 4, 2, 3, 4, 2, 3, 4, 2, 3, 4, 2, 3, 4, 2, 3, 4, 2, 3, 4, 2, 3, 4, 2, 3, 4, 2, 3, 4]
[ 7, 8, 5, 7, 8, 5, 7, 8, 5, 7, 8, 5, 7, 8, 5, 7, 8, 5, 7, 8, 5, 7, 8, 5, 7, 8, 5, 7, 8, 5, 7, 8]
[ 6, 1, 9, 6, 1, 9, 6, 1, 9, 6, 1, 9, 6, 1, 9, 6, 1, 9, 6, 1, 9, 6, 1, 9, 6, 1, 9, 6, 1, 9, 6, 1]
[ 3, 4, 2, 3, 4, 2, 3, 4, 2, 3, 4, 2, 3, 4, 2, 3, 4, 2, 3, 4, 2, 3, 4, 2, 3, 4, 2, 3, 4, 2, 3, 4]
[ 7, 8, 5, 7, 8, 5, 7, 8, 5, 7, 8, 5, 7, 8, 5, 7, 8, 5, 7, 8, 5, 7, 8, 5, 7, 8, 5, 7, 8, 5, 7, 8]
[ 6, 1, 9, 6, 1, 9, 6, 1, 9, 6, 1, 9, 6, 1, 9, 6, 1, 9, 6, 1, 9, 6, 1, 9, 6, 1, 9, 6, 1, 9, 6, 1]
[ 3, 4, 2, 3, 4, 2, 3, 4, 2, 3, 4, 2, 3, 4, 2, 3, 4, 2, 3, 4, 2, 3, 4, 2, 3, 4, 2, 3, 4, 2, 3, 4]
[ 7, 8, 5, 7, 8, 5, 7, 8, 5, 7, 8, 5, 7, 8, 5, 7, 8, 5, 7, 8, 5, 7, 8, 5, 7, 8, 5, 7, 8, 5, 7, 8]
[ 6, 1, 9, 6, 1, 9, 6, 1, 9, 6, 1, 9, 6, 1, 9, 6, 1, 9, 6, 1, 9, 6, 1, 9, 6, 1, 9, 6, 1, 9, 6, 1]
[ 3, 4, 2, 3, 4, 2, 3, 4, 2, 3, 4, 2, 3, 4, 2, 3, 4, 2, 3, 4, 2, 3, 4, 2, 3, 4, 2, 3, 4, 2, 3, 4]
[ 7, 8, 5, 7, 8, 5, 7, 8, 5, 7, 8, 5, 7, 8, 5, 7, 8, 5, 7, 8, 5, 7, 8, 5, 7, 8, 5, 7, 8, 5, 7, 8]
[ 6, 1, 9, 6, 1, 9, 6, 1, 9, 6, 1, 9, 6, 1, 9, 6, 1, 9, 6, 1, 9, 6, 1, 9, 6, 1, 9, 6, 1, 9, 6, 1]
[ 3, 4, 2, 3, 4, 2, 3, 4, 2, 3, 4, 2, 3, 4, 2, 3, 4, 2, 3, 4, 2, 3, 4, 2, 3, 4, 2, 3, 4, 2, 3, 4]
[ 7, 8, 5, 7, 8, 5, 7, 8, 5, 7, 8, 5, 7, 8, 5, 7, 8, 5, 7, 8, 5, 7, 8, 5, 7, 8, 5, 7, 8, 5, 7, 8]
[ 6, 1, 9, 6, 1, 9, 6, 1, 9, 6, 1, 9, 6, 1, 9, 6, 1, 9, 6, 1, 9, 6, 1, 9, 6, 1, 9, 6, 1, 9, 6, 1]
[ 3, 4, 2, 3, 4, 2, 3, 4, 2, 3, 4, 2, 3, 4, 2, 3, 4, 2, 3, 4, 2, 3, 4, 2, 3, 4, 2, 3, 4, 2, 3, 4]
[ 7, 8, 5, 7, 8, 5, 7, 8, 5, 7, 8, 5, 7, 8, 5, 7, 8, 5, 7, 8, 5, 7, 8, 5, 7, 8, 5, 7, 8, 5, 7, 8]
[ 6, 1, 9, 6, 1, 9, 6, 1, 9, 6, 1, 9, 6, 1, 9, 6, 1, 9, 6, 1, 9, 6, 1, 9, 6, 1, 9, 6, 1, 9, 6, 1]
[ 3, 4, 2, 3, 4, 2, 3, 4, 2, 3, 4, 2, 3, 4, 2, 3, 4, 2, 3, 4, 2, 3, 4, 2, 3, 4, 2, 3, 4, 2, 3, 4]
[ 7, 8, 5, 7, 8, 5, 7, 8, 5, 7, 8, 5, 7, 8, 5, 7, 8, 5, 7, 8, 5, 7, 8, 5, 7, 8, 5, 7, 8, 5, 7, 8]
[ 6, 1, 9, 6, 1, 9, 6, 1, 9, 6, 1, 9, 6, 1, 9, 6, 1, 9, 6, 1, 9, 6, 1, 9, 6, 1, 9, 6, 1, 9, 6, 1]
[ 3, 4, 2, 3, 4, 2, 3, 4, 2, 3, 4, 2, 3, 4, 2, 3, 4, 2, 3, 4, 2, 3, 4, 2, 3, 4, 2, 3, 4, 2, 3, 4]
[ 7, 8, 5, 7, 8, 5, 7, 8, 5, 7, 8, 5, 7, 8, 5, 7, 8, 5, 7, 8, 5, 7, 8, 5, 7, 8, 5, 7, 8, 5, 7, 8]
[ 6, 1, 9, 6, 1, 9, 6, 1, 9, 6, 1, 9, 6, 1, 9, 6, 1, 9, 6, 1, 9, 6, 1, 9, 6, 1, 9, 6, 1, 9, 6, 1]
[ 3, 4, 2, 3, 4, 2, 3, 4, 2, 3, 4, 2, 3, 4, 2, 3, 4, 2, 3, 4, 2, 3, 4, 2, 3, 4, 2, 3, 4, 2, 3, 4]
