[d, p, q] = [27, 3, 24]
256,0,548,120,100
Degree Spatial distribution
[2, 2, 2, 3, 3, 3, 3, 3, 2, 2, 2, 2, 2, 2, 2, 2, 2, 2, 2, 2, 2, 2, 2, 2, 3, 3, 3, 3, 3, 2, 2, 2]
[2, 2, 2, 3, 3, 3, 3, 3, 2, 2, 2, 2, 2, 2, 2, 2, 2, 2, 2, 2, 2, 2, 2, 2, 3, 3, 3, 3, 3, 2, 2, 2]
[2, 2, 2, 3, 3, 3, 3, 3, 2, 2, 2, 2, 2, 2, 2, 2, 2, 2, 2, 2, 2, 2, 2, 2, 3, 3, 3, 3, 3, 2, 2, 2]
[3, 3, 3, 4, 4, 4, 4, 4, 2, 2, 2, 2, 2, 2, 2, 2, 2, 2, 2, 2, 2, 2, 2, 2, 4, 4, 4, 4, 4, 3, 3, 3]
[3, 3, 3, 4, 4, 4, 4, 4, 2, 2, 2, 2, 2, 2, 2, 2, 2, 2, 2, 2, 2, 2, 2, 2, 4, 4, 4, 4, 4, 3, 3, 3]
[3, 3, 3, 4, 4, 4, 4, 4, 2, 2, 2, 2, 2, 2, 2, 2, 2, 2, 2, 2, 2, 2, 2, 2, 4, 4, 4, 4, 4, 3, 3, 3]
[3, 3, 3, 4, 4, 4, 4, 4, 2, 2, 2, 2, 2, 2, 2, 2, 2, 2, 2, 2, 2, 2, 2, 2, 4, 4, 4, 4, 4, 3, 3, 3]
[3, 3, 3, 4, 4, 4, 4, 4, 2, 2, 2, 2, 2, 2, 2, 2, 2, 2, 2, 2, 2, 2, 2, 2, 4, 4, 4, 4, 4, 3, 3, 3]
[2, 2, 2, 2, 2, 2, 2, 2, 0, 0, 0, 0, 0, 0, 0, 0, 0, 0, 0, 0, 0, 0, 0, 0, 2, 2, 2, 2, 2, 2, 2, 2]
[2, 2, 2, 2, 2, 2, 2, 2, 0, 0, 0, 0, 0, 0, 0, 0, 0, 0, 0, 0, 0, 0, 0, 0, 2, 2, 2, 2, 2, 2, 2, 2]
[2, 2, 2, 2, 2, 2, 2, 2, 0, 0, 0, 0, 0, 0, 0, 0, 0, 0, 0, 0, 0, 0, 0, 0, 2, 2, 2, 2, 2, 2, 2, 2]
[2, 2, 2, 2, 2, 2, 2, 2, 0, 0, 0, 0, 0, 0, 0, 0, 0, 0, 0, 0, 0, 0, 0, 0, 2, 2, 2, 2, 2, 2, 2, 2]
[2, 2, 2, 2, 2, 2, 2, 2, 0, 0, 0, 0, 0, 0, 0, 0, 0, 0, 0, 0, 0, 0, 0, 0, 2, 2, 2, 2, 2, 2, 2, 2]
[2, 2, 2, 2, 2, 2, 2, 2, 0, 0, 0, 0, 0, 0, 0, 0, 0, 0, 0, 0, 0, 0, 0, 0, 2, 2, 2, 2, 2, 2, 2, 2]
[2, 2, 2, 2, 2, 2, 2, 2, 0, 0, 0, 0, 0, 0, 0, 0, 0, 0, 0, 0, 0, 0, 0, 0, 2, 2, 2, 2, 2, 2, 2, 2]
[2, 2, 2, 2, 2, 2, 2, 2, 0, 0, 0, 0, 0, 0, 0, 0, 0, 0, 0, 0, 0, 0, 0, 0, 2, 2, 2, 2, 2, 2, 2, 2]
[2, 2, 2, 2, 2, 2, 2, 2, 0, 0, 0, 0, 0, 0, 0, 0, 0, 0, 0, 0, 0, 0, 0, 0, 2, 2, 2, 2, 2, 2, 2, 2]
[2, 2, 2, 2, 2, 2, 2, 2, 0, 0, 0, 0, 0, 0, 0, 0, 0, 0, 0, 0, 0, 0, 0, 0, 2, 2, 2, 2, 2, 2, 2, 2]
[2, 2, 2, 2, 2, 2, 2, 2, 0, 0, 0, 0, 0, 0, 0, 0, 0, 0, 0, 0, 0, 0, 0, 0, 2, 2, 2, 2, 2, 2, 2, 2]
[2, 2, 2, 2, 2, 2, 2, 2, 0, 0, 0, 0, 0, 0, 0, 0, 0, 0, 0, 0, 0, 0, 0, 0, 2, 2, 2, 2, 2, 2, 2, 2]
[2, 2, 2, 2, 2, 2, 2, 2, 0, 0, 0, 0, 0, 0, 0, 0, 0, 0, 0, 0, 0, 0, 0, 0, 2, 2, 2, 2, 2, 2, 2, 2]
[2, 2, 2, 2, 2, 2, 2, 2, 0, 0, 0, 0, 0, 0, 0, 0, 0, 0, 0, 0, 0, 0, 0, 0, 2, 2, 2, 2, 2, 2, 2, 2]
[2, 2, 2, 2, 2, 2, 2, 2, 0, 0, 0, 0, 0, 0, 0, 0, 0, 0, 0, 0, 0, 0, 0, 0, 2, 2, 2, 2, 2, 2, 2, 2]
[2, 2, 2, 2, 2, 2, 2, 2, 0, 0, 0, 0, 0, 0, 0, 0, 0, 0, 0, 0, 0, 0, 0, 0, 2, 2, 2, 2, 2, 2, 2, 2]
[3, 3, 3, 4, 4, 4, 4, 4, 2, 2, 2, 2, 2, 2, 2, 2, 2, 2, 2, 2, 2, 2, 2, 2, 4, 4, 4, 4, 4, 3, 3, 3]
[3, 3, 3, 4, 4, 4, 4, 4, 2, 2, 2, 2, 2, 2, 2, 2, 2, 2, 2, 2, 2, 2, 2, 2, 4, 4, 4, 4, 4, 3, 3, 3]
[3, 3, 3, 4, 4, 4, 4, 4, 2, 2, 2, 2, 2, 2, 2, 2, 2, 2, 2, 2, 2, 2, 2, 2, 4, 4, 4, 4, 4, 3, 3, 3]
[3, 3, 3, 4, 4, 4, 4, 4, 2, 2, 2, 2, 2, 2, 2, 2, 2, 2, 2, 2, 2, 2, 2, 2, 4, 4, 4, 4, 4, 3, 3, 3]
[3, 3, 3, 4, 4, 4, 4, 4, 2, 2, 2, 2, 2, 2, 2, 2, 2, 2, 2, 2, 2, 2, 2, 2, 4, 4, 4, 4, 4, 3, 3, 3]
[2, 2, 2, 3, 3, 3, 3, 3, 2, 2, 2, 2, 2, 2, 2, 2, 2, 2, 2, 2, 2, 2, 2, 2, 3, 3, 3, 3, 3, 2, 2, 2]
[2, 2, 2, 3, 3, 3, 3, 3, 2, 2, 2, 2, 2, 2, 2, 2, 2, 2, 2, 2, 2, 2, 2, 2, 3, 3, 3, 3, 3, 2, 2, 2]
[2, 2, 2, 3, 3, 3, 3, 3, 2, 2, 2, 2, 2, 2, 2, 2, 2, 2, 2, 2, 2, 2, 2, 2, 3, 3, 3, 3, 3, 2, 2, 2]
Edges: 928
Moves: 1856
Max Clique Size: 2
Number of Max Cliques: 1184
Number of Connected Components: 265
Connected Components Spatial Distribution
[ 10,  1, 15, 10,  1, 15, 10,  1, 15, 10,  1, 15, 10,  1, 15, 10,  1, 15, 10,  1, 15, 10,  1, 15, 10,  1, 15, 10,  1, 15, 10,  1]
[  4,  5,  2,  4,  5,  2,  4,  5,  2,  4,  5,  2,  4,  5,  2,  4,  5,  2,  4,  5,  2,  4,  5,  2,  4,  5,  2,  4,  5,  2,  4,  5]
[ 12, 16,  9, 12, 16,  9, 12, 16,  9, 12, 16,  9, 12, 16,  9, 12, 16,  9, 12, 16,  9, 12, 16,  9, 12, 16,  9, 12, 16,  9, 12, 16]
[ 10,  1, 15, 10,  1, 15, 10,  1, 15, 10,  1, 15, 10,  1, 15, 10,  1, 15, 10,  1, 15, 10,  1, 15, 10,  1, 15, 10,  1, 15, 10,  1]
[  4,  5,  2,  4,  5,  2,  4,  5,  2,  4,  5,  2,  4,  5,  2,  4,  5,  2,  4,  5,  2,  4,  5,  2,  4,  5,  2,  4,  5,  2,  4,  5]
[ 12, 16,  9, 12, 16,  9, 12, 16,  9, 12, 16,  9, 12, 16,  9, 12, 16,  9, 12, 16,  9, 12, 16,  9, 12, 16,  9, 12, 16,  9, 12, 16]
[ 10,  1, 15, 10,  1, 15, 10,  1, 15, 10,  1, 15, 10,  1, 15, 10,  1, 15, 10,  1, 15, 10,  1, 15, 10,  1, 15, 10,  1, 15, 10,  1]
[  4,  5,  2,  4,  5,  2,  4,  5,  2,  4,  5,  2,  4,  5,  2,  4,  5,  2,  4,  5,  2,  4,  5,  2,  4,  5,  2,  4,  5,  2,  4,  5]
[ 12, 16,  9, 12, 16,  9, 12, 16,199,170,141, 56, 32,258, 31,257,115, 88, 61, 87, 60, 37,200,171, 12, 16,  9, 12, 16,  9, 12, 16]
[ 10,  1, 15, 10,  1, 15, 10,  1, 92, 25, 38,159,177,108,176,107,  3,195,207,194,206,140, 93, 26, 10,  1, 15, 10,  1, 15, 10,  1]
[  4,  5,  2,  4,  5,  2,  4,  5,239,131,102, 95, 70,219,245, 42,153, 51, 20,123, 99,250,158,211,  4,  5,  2,  4,  5,  2,  4,  5]
[ 12, 16,  9, 12, 16,  9, 12, 16,129,241,252,202,216, 73,135,145, 50,154,165,233,249,100, 55, 65, 12, 16,  9, 12, 16,  9, 12, 16]
[ 10,  1, 15, 10,  1, 15, 10,  1, 23,251, 66,134,203,179,105,178,193,163,237,162,236,208, 24, 94, 10,  1, 15, 10,  1, 15, 10,  1]
[  4,  5,  2,  4,  5,  2,  4,  5,168,101,212,244, 96, 34,255, 33, 86, 18,127, 17,126, 62,169,201,  4,  5,  2,  4,  5,  2,  4,  5]
[ 12, 16,  9, 12, 16,  9, 12, 16, 63,210, 27,174,246,137, 69,218,232,124,197,205, 19,167,240,132, 12, 16,  9, 12, 16,  9, 12, 16]
[ 10,  1, 15, 10,  1, 15, 10,  1,209, 64,172, 29,136,247,215, 72,122,234, 90, 59,164, 22,130,242, 10,  1, 15, 10,  1, 15, 10,  1]
[  4,  5,  2,  4,  5,  2,  4,  5,243,214,184,152,120, 97,183,151,222,188,156,248,221,187,155,128,  4,  5,  2,  4,  5,  2,  4,  5]
[ 12, 16,  9, 12, 16,  9, 12, 16,133, 68, 78,265, 13,204, 77,264,111, 45, 53, 98,110, 44, 52,238, 12, 16,  9, 12, 16,  9, 12, 16]
[ 10,  1, 15, 10,  1, 15, 10,  1, 28,175,144,191,160, 58,143,190,260,149,118, 35,259,148,117,166, 10,  1, 15, 10,  1, 15, 10,  1]
[  4,  5,  2,  4,  5,  2,  4,  5,173, 30, 41, 48, 57,161, 40, 47,147,262,  8,138,146,261,  7, 21,  4,  5,  2,  4,  5,  2,  4,  5]
[ 12, 16,  9, 12, 16,  9, 12, 16, 67, 39,106,229, 49, 14,263, 79, 43,  6, 82, 74,139,112,235, 54, 12, 16,  9, 12, 16,  9, 12, 16]
[ 10,  1, 15, 10,  1, 15, 10,  1,213,142,256, 83,192,121,150,185,186,116,228,180, 36,223,125,157, 10,  1, 15, 10,  1, 15, 10,  1]
[  4,  5,  2,  4,  5,  2,  4,  5,103,254, 71, 11, 84,231,224,114, 80,227, 46,109,181, 76,196, 91,  4,  5,  2,  4,  5,  2,  4,  5]
[ 12, 16,  9, 12, 16,  9, 12, 16,253,104,217,119,230, 85,113,225,226, 81,189,220, 75,182, 89,198, 12, 16,  9, 12, 16,  9, 12, 16]
[ 10,  1, 15, 10,  1, 15, 10,  1, 15, 10,  1, 15, 10,  1, 15, 10,  1, 15, 10,  1, 15, 10,  1, 15, 10,  1, 15, 10,  1, 15, 10,  1]
[  4,  5,  2,  4,  5,  2,  4,  5,  2,  4,  5,  2,  4,  5,  2,  4,  5,  2,  4,  5,  2,  4,  5,  2,  4,  5,  2,  4,  5,  2,  4,  5]
[ 12, 16,  9, 12, 16,  9, 12, 16,  9, 12, 16,  9, 12, 16,  9, 12, 16,  9, 12, 16,  9, 12, 16,  9, 12, 16,  9, 12, 16,  9, 12, 16]
[ 10,  1, 15, 10,  1, 15, 10,  1, 15, 10,  1, 15, 10,  1, 15, 10,  1, 15, 10,  1, 15, 10,  1, 15, 10,  1, 15, 10,  1, 15, 10,  1]
[  4,  5,  2,  4,  5,  2,  4,  5,  2,  4,  5,  2,  4,  5,  2,  4,  5,  2,  4,  5,  2,  4,  5,  2,  4,  5,  2,  4,  5,  2,  4,  5]
[ 12, 16,  9, 12, 16,  9, 12, 16,  9, 12, 16,  9, 12, 16,  9, 12, 16,  9, 12, 16,  9, 12, 16,  9, 12, 16,  9, 12, 16,  9, 12, 16]
[ 10,  1, 15, 10,  1, 15, 10,  1, 15, 10,  1, 15, 10,  1, 15, 10,  1, 15, 10,  1, 15, 10,  1, 15, 10,  1, 15, 10,  1, 15, 10,  1]
[  4,  5,  2,  4,  5,  2,  4,  5,  2,  4,  5,  2,  4,  5,  2,  4,  5,  2,  4,  5,  2,  4,  5,  2,  4,  5,  2,  4,  5,  2,  4,  5]
