[d, p, q] = [27, 6, 21]
100,0,584,240,100
Degree Spatial distribution
[2, 2, 2, 2, 2, 2, 3, 3, 3, 3, 3, 2, 2, 2, 2, 2, 2, 2, 2, 2, 2, 3, 3, 3, 3, 3, 2, 2, 2, 2, 2, 2]
[2, 2, 2, 2, 2, 2, 3, 3, 3, 3, 3, 2, 2, 2, 2, 2, 2, 2, 2, 2, 2, 3, 3, 3, 3, 3, 2, 2, 2, 2, 2, 2]
[2, 2, 2, 2, 2, 2, 3, 3, 3, 3, 3, 2, 2, 2, 2, 2, 2, 2, 2, 2, 2, 3, 3, 3, 3, 3, 2, 2, 2, 2, 2, 2]
[2, 2, 2, 2, 2, 2, 3, 3, 3, 3, 3, 2, 2, 2, 2, 2, 2, 2, 2, 2, 2, 3, 3, 3, 3, 3, 2, 2, 2, 2, 2, 2]
[2, 2, 2, 2, 2, 2, 3, 3, 3, 3, 3, 2, 2, 2, 2, 2, 2, 2, 2, 2, 2, 3, 3, 3, 3, 3, 2, 2, 2, 2, 2, 2]
[2, 2, 2, 2, 2, 2, 3, 3, 3, 3, 3, 2, 2, 2, 2, 2, 2, 2, 2, 2, 2, 3, 3, 3, 3, 3, 2, 2, 2, 2, 2, 2]
[3, 3, 3, 3, 3, 3, 4, 4, 4, 4, 4, 2, 2, 2, 2, 2, 2, 2, 2, 2, 2, 4, 4, 4, 4, 4, 3, 3, 3, 3, 3, 3]
[3, 3, 3, 3, 3, 3, 4, 4, 4, 4, 4, 2, 2, 2, 2, 2, 2, 2, 2, 2, 2, 4, 4, 4, 4, 4, 3, 3, 3, 3, 3, 3]
[3, 3, 3, 3, 3, 3, 4, 4, 4, 4, 4, 2, 2, 2, 2, 2, 2, 2, 2, 2, 2, 4, 4, 4, 4, 4, 3, 3, 3, 3, 3, 3]
[3, 3, 3, 3, 3, 3, 4, 4, 4, 4, 4, 2, 2, 2, 2, 2, 2, 2, 2, 2, 2, 4, 4, 4, 4, 4, 3, 3, 3, 3, 3, 3]
[3, 3, 3, 3, 3, 3, 4, 4, 4, 4, 4, 2, 2, 2, 2, 2, 2, 2, 2, 2, 2, 4, 4, 4, 4, 4, 3, 3, 3, 3, 3, 3]
[2, 2, 2, 2, 2, 2, 2, 2, 2, 2, 2, 0, 0, 0, 0, 0, 0, 0, 0, 0, 0, 2, 2, 2, 2, 2, 2, 2, 2, 2, 2, 2]
[2, 2, 2, 2, 2, 2, 2, 2, 2, 2, 2, 0, 0, 0, 0, 0, 0, 0, 0, 0, 0, 2, 2, 2, 2, 2, 2, 2, 2, 2, 2, 2]
[2, 2, 2, 2, 2, 2, 2, 2, 2, 2, 2, 0, 0, 0, 0, 0, 0, 0, 0, 0, 0, 2, 2, 2, 2, 2, 2, 2, 2, 2, 2, 2]
[2, 2, 2, 2, 2, 2, 2, 2, 2, 2, 2, 0, 0, 0, 0, 0, 0, 0, 0, 0, 0, 2, 2, 2, 2, 2, 2, 2, 2, 2, 2, 2]
[2, 2, 2, 2, 2, 2, 2, 2, 2, 2, 2, 0, 0, 0, 0, 0, 0, 0, 0, 0, 0, 2, 2, 2, 2, 2, 2, 2, 2, 2, 2, 2]
[2, 2, 2, 2, 2, 2, 2, 2, 2, 2, 2, 0, 0, 0, 0, 0, 0, 0, 0, 0, 0, 2, 2, 2, 2, 2, 2, 2, 2, 2, 2, 2]
[2, 2, 2, 2, 2, 2, 2, 2, 2, 2, 2, 0, 0, 0, 0, 0, 0, 0, 0, 0, 0, 2, 2, 2, 2, 2, 2, 2, 2, 2, 2, 2]
[2, 2, 2, 2, 2, 2, 2, 2, 2, 2, 2, 0, 0, 0, 0, 0, 0, 0, 0, 0, 0, 2, 2, 2, 2, 2, 2, 2, 2, 2, 2, 2]
[2, 2, 2, 2, 2, 2, 2, 2, 2, 2, 2, 0, 0, 0, 0, 0, 0, 0, 0, 0, 0, 2, 2, 2, 2, 2, 2, 2, 2, 2, 2, 2]
[2, 2, 2, 2, 2, 2, 2, 2, 2, 2, 2, 0, 0, 0, 0, 0, 0, 0, 0, 0, 0, 2, 2, 2, 2, 2, 2, 2, 2, 2, 2, 2]
[3, 3, 3, 3, 3, 3, 4, 4, 4, 4, 4, 2, 2, 2, 2, 2, 2, 2, 2, 2, 2, 4, 4, 4, 4, 4, 3, 3, 3, 3, 3, 3]
[3, 3, 3, 3, 3, 3, 4, 4, 4, 4, 4, 2, 2, 2, 2, 2, 2, 2, 2, 2, 2, 4, 4, 4, 4, 4, 3, 3, 3, 3, 3, 3]
[3, 3, 3, 3, 3, 3, 4, 4, 4, 4, 4, 2, 2, 2, 2, 2, 2, 2, 2, 2, 2, 4, 4, 4, 4, 4, 3, 3, 3, 3, 3, 3]
[3, 3, 3, 3, 3, 3, 4, 4, 4, 4, 4, 2, 2, 2, 2, 2, 2, 2, 2, 2, 2, 4, 4, 4, 4, 4, 3, 3, 3, 3, 3, 3]
[3, 3, 3, 3, 3, 3, 4, 4, 4, 4, 4, 2, 2, 2, 2, 2, 2, 2, 2, 2, 2, 4, 4, 4, 4, 4, 3, 3, 3, 3, 3, 3]
[2, 2, 2, 2, 2, 2, 3, 3, 3, 3, 3, 2, 2, 2, 2, 2, 2, 2, 2, 2, 2, 3, 3, 3, 3, 3, 2, 2, 2, 2, 2, 2]
[2, 2, 2, 2, 2, 2, 3, 3, 3, 3, 3, 2, 2, 2, 2, 2, 2, 2, 2, 2, 2, 3, 3, 3, 3, 3, 2, 2, 2, 2, 2, 2]
[2, 2, 2, 2, 2, 2, 3, 3, 3, 3, 3, 2, 2, 2, 2, 2, 2, 2, 2, 2, 2, 3, 3, 3, 3, 3, 2, 2, 2, 2, 2, 2]
[2, 2, 2, 2, 2, 2, 3, 3, 3, 3, 3, 2, 2, 2, 2, 2, 2, 2, 2, 2, 2, 3, 3, 3, 3, 3, 2, 2, 2, 2, 2, 2]
[2, 2, 2, 2, 2, 2, 3, 3, 3, 3, 3, 2, 2, 2, 2, 2, 2, 2, 2, 2, 2, 3, 3, 3, 3, 3, 2, 2, 2, 2, 2, 2]
[2, 2, 2, 2, 2, 2, 3, 3, 3, 3, 3, 2, 2, 2, 2, 2, 2, 2, 2, 2, 2, 3, 3, 3, 3, 3, 2, 2, 2, 2, 2, 2]
Edges: 1144
Moves: 2288
Max Clique Size: 2
Number of Max Cliques: 1244
Number of Connected Components: 109
Connected Components Spatial Distribution
[  8,  1, 12,  8,  1, 12,  8,  1, 12,  8,  1, 12,  8,  1, 12,  8,  1, 12,  8,  1, 12,  8,  1, 12,  8,  1, 12,  8,  1, 12,  8,  1]
[  3,  4,  2,  3,  4,  2,  3,  4,  2,  3,  4,  2,  3,  4,  2,  3,  4,  2,  3,  4,  2,  3,  4,  2,  3,  4,  2,  3,  4,  2,  3,  4]
[  9, 13,  7,  9, 13,  7,  9, 13,  7,  9, 13,  7,  9, 13,  7,  9, 13,  7,  9, 13,  7,  9, 13,  7,  9, 13,  7,  9, 13,  7,  9, 13]
[  8,  1, 12,  8,  1, 12,  8,  1, 12,  8,  1, 12,  8,  1, 12,  8,  1, 12,  8,  1, 12,  8,  1, 12,  8,  1, 12,  8,  1, 12,  8,  1]
[  3,  4,  2,  3,  4,  2,  3,  4,  2,  3,  4,  2,  3,  4,  2,  3,  4,  2,  3,  4,  2,  3,  4,  2,  3,  4,  2,  3,  4,  2,  3,  4]
[  9, 13,  7,  9, 13,  7,  9, 13,  7,  9, 13,  7,  9, 13,  7,  9, 13,  7,  9, 13,  7,  9, 13,  7,  9, 13,  7,  9, 13,  7,  9, 13]
[  8,  1, 12,  8,  1, 12,  8,  1, 12,  8,  1, 12,  8,  1, 12,  8,  1, 12,  8,  1, 12,  8,  1, 12,  8,  1, 12,  8,  1, 12,  8,  1]
[  3,  4,  2,  3,  4,  2,  3,  4,  2,  3,  4,  2,  3,  4,  2,  3,  4,  2,  3,  4,  2,  3,  4,  2,  3,  4,  2,  3,  4,  2,  3,  4]
[  9, 13,  7,  9, 13,  7,  9, 13,  7,  9, 13,  7,  9, 13,  7,  9, 13,  7,  9, 13,  7,  9, 13,  7,  9, 13,  7,  9, 13,  7,  9, 13]
[  8,  1, 12,  8,  1, 12,  8,  1, 12,  8,  1, 12,  8,  1, 12,  8,  1, 12,  8,  1, 12,  8,  1, 12,  8,  1, 12,  8,  1, 12,  8,  1]
[  3,  4,  2,  3,  4,  2,  3,  4,  2,  3,  4,  2,  3,  4,  2,  3,  4,  2,  3,  4,  2,  3,  4,  2,  3,  4,  2,  3,  4,  2,  3,  4]
[  9, 13,  7,  9, 13,  7,  9, 13,  7,  9, 13, 83, 88, 34, 54, 60, 27, 66, 73, 94,102,  9, 13,  7,  9, 13,  7,  9, 13,  7,  9, 13]
[  8,  1, 12,  8,  1, 12,  8,  1, 12,  8,  1, 53, 84, 76, 44, 75, 81, 71, 97, 70, 96,  8,  1, 12,  8,  1, 12,  8,  1, 12,  8,  1]
[  3,  4,  2,  3,  4,  2,  3,  4,  2,  3,  4, 98, 41, 19,103, 18, 39, 15, 52, 14, 51,  3,  4,  2,  3,  4,  2,  3,  4,  2,  3,  4]
[  9, 13,  7,  9, 13,  7,  9, 13,  7,  9, 13, 74, 99, 56, 32, 89, 93, 50, 82, 86, 16,  9, 13,  7,  9, 13,  7,  9, 13,  7,  9, 13]
[  8,  1, 12,  8,  1, 12,  8,  1, 12,  8,  1, 17, 55,100, 87, 33, 49, 95, 40, 31, 72,  8,  1, 12,  8,  1, 12,  8,  1, 12,  8,  1]
[  3,  4,  2,  3,  4,  2,  3,  4,  2,  3,  4, 65, 48, 42, 77, 64, 91, 78, 67,101, 90,  3,  4,  2,  3,  4,  2,  3,  4,  2,  3,  4]
[  9, 13,  7,  9, 13,  7,  9, 13,  7,  9, 13,109, 10, 85, 36,108, 46, 23, 28, 43, 45,  9, 13,  7,  9, 13,  7,  9, 13,  7,  9, 13]
[  8,  1, 12,  8,  1, 12,  8,  1, 12,  8,  1, 80, 68, 30, 59, 79,105, 63, 47, 20,104,  8,  1, 12,  8,  1, 12,  8,  1, 12,  8,  1]
[  3,  4,  2,  3,  4,  2,  3,  4,  2,  3,  4, 25, 29, 69, 21, 24, 62,106,  6, 57, 61,  3,  4,  2,  3,  4,  2,  3,  4,  2,  3,  4]
[  9, 13,  7,  9, 13,  7,  9, 13,  7,  9, 13, 92, 26, 11,107, 37, 22,  5, 38, 35, 58,  9, 13,  7,  9, 13,  7,  9, 13,  7,  9, 13]
[  8,  1, 12,  8,  1, 12,  8,  1, 12,  8,  1, 12,  8,  1, 12,  8,  1, 12,  8,  1, 12,  8,  1, 12,  8,  1, 12,  8,  1, 12,  8,  1]
[  3,  4,  2,  3,  4,  2,  3,  4,  2,  3,  4,  2,  3,  4,  2,  3,  4,  2,  3,  4,  2,  3,  4,  2,  3,  4,  2,  3,  4,  2,  3,  4]
[  9, 13,  7,  9, 13,  7,  9, 13,  7,  9, 13,  7,  9, 13,  7,  9, 13,  7,  9, 13,  7,  9, 13,  7,  9, 13,  7,  9, 13,  7,  9, 13]
[  8,  1, 12,  8,  1, 12,  8,  1, 12,  8,  1, 12,  8,  1, 12,  8,  1, 12,  8,  1, 12,  8,  1, 12,  8,  1, 12,  8,  1, 12,  8,  1]
[  3,  4,  2,  3,  4,  2,  3,  4,  2,  3,  4,  2,  3,  4,  2,  3,  4,  2,  3,  4,  2,  3,  4,  2,  3,  4,  2,  3,  4,  2,  3,  4]
[  9, 13,  7,  9, 13,  7,  9, 13,  7,  9, 13,  7,  9, 13,  7,  9, 13,  7,  9, 13,  7,  9, 13,  7,  9, 13,  7,  9, 13,  7,  9, 13]
[  8,  1, 12,  8,  1, 12,  8,  1, 12,  8,  1, 12,  8,  1, 12,  8,  1, 12,  8,  1, 12,  8,  1, 12,  8,  1, 12,  8,  1, 12,  8,  1]
[  3,  4,  2,  3,  4,  2,  3,  4,  2,  3,  4,  2,  3,  4,  2,  3,  4,  2,  3,  4,  2,  3,  4,  2,  3,  4,  2,  3,  4,  2,  3,  4]
[  9, 13,  7,  9, 13,  7,  9, 13,  7,  9, 13,  7,  9, 13,  7,  9, 13,  7,  9, 13,  7,  9, 13,  7,  9, 13,  7,  9, 13,  7,  9, 13]
[  8,  1, 12,  8,  1, 12,  8,  1, 12,  8,  1, 12,  8,  1, 12,  8,  1, 12,  8,  1, 12,  8,  1, 12,  8,  1, 12,  8,  1, 12,  8,  1]
[  3,  4,  2,  3,  4,  2,  3,  4,  2,  3,  4,  2,  3,  4,  2,  3,  4,  2,  3,  4,  2,  3,  4,  2,  3,  4,  2,  3,  4,  2,  3,  4]
