[d, p, q] = [27, 9, 18]
16,0,548,360,100
Degree Spatial distribution
[2, 2, 2, 2, 2, 2, 2, 2, 2, 3, 3, 3, 3, 3, 2, 2, 2, 2, 3, 3, 3, 3, 3, 2, 2, 2, 2, 2, 2, 2, 2, 2]
[2, 2, 2, 2, 2, 2, 2, 2, 2, 3, 3, 3, 3, 3, 2, 2, 2, 2, 3, 3, 3, 3, 3, 2, 2, 2, 2, 2, 2, 2, 2, 2]
[2, 2, 2, 2, 2, 2, 2, 2, 2, 3, 3, 3, 3, 3, 2, 2, 2, 2, 3, 3, 3, 3, 3, 2, 2, 2, 2, 2, 2, 2, 2, 2]
[2, 2, 2, 2, 2, 2, 2, 2, 2, 3, 3, 3, 3, 3, 2, 2, 2, 2, 3, 3, 3, 3, 3, 2, 2, 2, 2, 2, 2, 2, 2, 2]
[2, 2, 2, 2, 2, 2, 2, 2, 2, 3, 3, 3, 3, 3, 2, 2, 2, 2, 3, 3, 3, 3, 3, 2, 2, 2, 2, 2, 2, 2, 2, 2]
[2, 2, 2, 2, 2, 2, 2, 2, 2, 3, 3, 3, 3, 3, 2, 2, 2, 2, 3, 3, 3, 3, 3, 2, 2, 2, 2, 2, 2, 2, 2, 2]
[2, 2, 2, 2, 2, 2, 2, 2, 2, 3, 3, 3, 3, 3, 2, 2, 2, 2, 3, 3, 3, 3, 3, 2, 2, 2, 2, 2, 2, 2, 2, 2]
[2, 2, 2, 2, 2, 2, 2, 2, 2, 3, 3, 3, 3, 3, 2, 2, 2, 2, 3, 3, 3, 3, 3, 2, 2, 2, 2, 2, 2, 2, 2, 2]
[2, 2, 2, 2, 2, 2, 2, 2, 2, 3, 3, 3, 3, 3, 2, 2, 2, 2, 3, 3, 3, 3, 3, 2, 2, 2, 2, 2, 2, 2, 2, 2]
[3, 3, 3, 3, 3, 3, 3, 3, 3, 4, 4, 4, 4, 4, 2, 2, 2, 2, 4, 4, 4, 4, 4, 3, 3, 3, 3, 3, 3, 3, 3, 3]
[3, 3, 3, 3, 3, 3, 3, 3, 3, 4, 4, 4, 4, 4, 2, 2, 2, 2, 4, 4, 4, 4, 4, 3, 3, 3, 3, 3, 3, 3, 3, 3]
[3, 3, 3, 3, 3, 3, 3, 3, 3, 4, 4, 4, 4, 4, 2, 2, 2, 2, 4, 4, 4, 4, 4, 3, 3, 3, 3, 3, 3, 3, 3, 3]
[3, 3, 3, 3, 3, 3, 3, 3, 3, 4, 4, 4, 4, 4, 2, 2, 2, 2, 4, 4, 4, 4, 4, 3, 3, 3, 3, 3, 3, 3, 3, 3]
[3, 3, 3, 3, 3, 3, 3, 3, 3, 4, 4, 4, 4, 4, 2, 2, 2, 2, 4, 4, 4, 4, 4, 3, 3, 3, 3, 3, 3, 3, 3, 3]
[2, 2, 2, 2, 2, 2, 2, 2, 2, 2, 2, 2, 2, 2, 0, 0, 0, 0, 2, 2, 2, 2, 2, 2, 2, 2, 2, 2, 2, 2, 2, 2]
[2, 2, 2, 2, 2, 2, 2, 2, 2, 2, 2, 2, 2, 2, 0, 0, 0, 0, 2, 2, 2, 2, 2, 2, 2, 2, 2, 2, 2, 2, 2, 2]
[2, 2, 2, 2, 2, 2, 2, 2, 2, 2, 2, 2, 2, 2, 0, 0, 0, 0, 2, 2, 2, 2, 2, 2, 2, 2, 2, 2, 2, 2, 2, 2]
[2, 2, 2, 2, 2, 2, 2, 2, 2, 2, 2, 2, 2, 2, 0, 0, 0, 0, 2, 2, 2, 2, 2, 2, 2, 2, 2, 2, 2, 2, 2, 2]
[3, 3, 3, 3, 3, 3, 3, 3, 3, 4, 4, 4, 4, 4, 2, 2, 2, 2, 4, 4, 4, 4, 4, 3, 3, 3, 3, 3, 3, 3, 3, 3]
[3, 3, 3, 3, 3, 3, 3, 3, 3, 4, 4, 4, 4, 4, 2, 2, 2, 2, 4, 4, 4, 4, 4, 3, 3, 3, 3, 3, 3, 3, 3, 3]
[3, 3, 3, 3, 3, 3, 3, 3, 3, 4, 4, 4, 4, 4, 2, 2, 2, 2, 4, 4, 4, 4, 4, 3, 3, 3, 3, 3, 3, 3, 3, 3]
[3, 3, 3, 3, 3, 3, 3, 3, 3, 4, 4, 4, 4, 4, 2, 2, 2, 2, 4, 4, 4, 4, 4, 3, 3, 3, 3, 3, 3, 3, 3, 3]
[3, 3, 3, 3, 3, 3, 3, 3, 3, 4, 4, 4, 4, 4, 2, 2, 2, 2, 4, 4, 4, 4, 4, 3, 3, 3, 3, 3, 3, 3, 3, 3]
[2, 2, 2, 2, 2, 2, 2, 2, 2, 3, 3, 3, 3, 3, 2, 2, 2, 2, 3, 3, 3, 3, 3, 2, 2, 2, 2, 2, 2, 2, 2, 2]
[2, 2, 2, 2, 2, 2, 2, 2, 2, 3, 3, 3, 3, 3, 2, 2, 2, 2, 3, 3, 3, 3, 3, 2, 2, 2, 2, 2, 2, 2, 2, 2]
[2, 2, 2, 2, 2, 2, 2, 2, 2, 3, 3, 3, 3, 3, 2, 2, 2, 2, 3, 3, 3, 3, 3, 2, 2, 2, 2, 2, 2, 2, 2, 2]
[2, 2, 2, 2, 2, 2, 2, 2, 2, 3, 3, 3, 3, 3, 2, 2, 2, 2, 3, 3, 3, 3, 3, 2, 2, 2, 2, 2, 2, 2, 2, 2]
[2, 2, 2, 2, 2, 2, 2, 2, 2, 3, 3, 3, 3, 3, 2, 2, 2, 2, 3, 3, 3, 3, 3, 2, 2, 2, 2, 2, 2, 2, 2, 2]
[2, 2, 2, 2, 2, 2, 2, 2, 2, 3, 3, 3, 3, 3, 2, 2, 2, 2, 3, 3, 3, 3, 3, 2, 2, 2, 2, 2, 2, 2, 2, 2]
[2, 2, 2, 2, 2, 2, 2, 2, 2, 3, 3, 3, 3, 3, 2, 2, 2, 2, 3, 3, 3, 3, 3, 2, 2, 2, 2, 2, 2, 2, 2, 2]
[2, 2, 2, 2, 2, 2, 2, 2, 2, 3, 3, 3, 3, 3, 2, 2, 2, 2, 3, 3, 3, 3, 3, 2, 2, 2, 2, 2, 2, 2, 2, 2]
[2, 2, 2, 2, 2, 2, 2, 2, 2, 3, 3, 3, 3, 3, 2, 2, 2, 2, 3, 3, 3, 3, 3, 2, 2, 2, 2, 2, 2, 2, 2, 2]
Edges: 1288
Moves: 2576
Max Clique Size: 2
Number of Max Cliques: 1304
Number of Connected Components: 97
Connected Components Spatial Distribution
[16,52,28,51,54,41,65, 5,43,16,52,28,51,54,41,65, 5,43,16,52,28,51,54,41,65, 5,43,16,52,28,51,54]
[12,24,64, 7,11,22, 6,79,68,12,24,64, 7,11,22, 6,79,68,12,24,64, 7,11,22, 6,79,68,12,24,64, 7,11]
[59,76,35,31,27,63,60,55, 9,59,76,35,31,27,63,60,55, 9,59,76,35,31,27,63,60,55, 9,59,76,35,31,27]
[72,45,50,73,39,81,18, 1,29,72,45,50,73,39,81,18, 1,29,72,45,50,73,39,81,18, 1,29,72,45,50,73,39]
[57, 8,19,61,46, 3,26,38,37,57, 8,19,61,46, 3,26,38,37,57, 8,19,61,46, 3,26,38,37,57, 8,19,61,46]
[47,42,40,32,33,83,21,88,15,47,42,40,32,33,83,21,88,15,47,42,40,32,33,83,21,88,15,47,42,40,32,33]
[48,49,44,14, 2,34,69,25,53,48,49,44,14, 2,34,69,25,53,48,49,44,14, 2,34,69,25,53,48,49,44,14, 2]
[78,17, 4,36,56,71,70,10,58,78,17, 4,36,56,71,70,10,58,78,17, 4,36,56,71,70,10,58,78,17, 4,36,56]
[20,67,30,23,62,13,82,84,80,20,67,30,23,62,13,82,84,80,20,67,30,23,62,13,82,84,80,20,67,30,23,62]
[16,52,28,51,54,41,65, 5,43,16,52,28,51,54,41,65, 5,43,16,52,28,51,54,41,65, 5,43,16,52,28,51,54]
[12,24,64, 7,11,22, 6,79,68,12,24,64, 7,11,22, 6,79,68,12,24,64, 7,11,22, 6,79,68,12,24,64, 7,11]
[59,76,35,31,27,63,60,55, 9,59,76,35,31,27,63,60,55, 9,59,76,35,31,27,63,60,55, 9,59,76,35,31,27]
[72,45,50,73,39,81,18, 1,29,72,45,50,73,39,81,18, 1,29,72,45,50,73,39,81,18, 1,29,72,45,50,73,39]
[57, 8,19,61,46, 3,26,38,37,57, 8,19,61,46, 3,26,38,37,57, 8,19,61,46, 3,26,38,37,57, 8,19,61,46]
[47,42,40,32,33,83,21,88,15,47,42,40,32,33,74,93,95,87,47,42,40,32,33,83,21,88,15,47,42,40,32,33]
[48,49,44,14, 2,34,69,25,53,48,49,44,14, 2,92,75,86,96,48,49,44,14, 2,34,69,25,53,48,49,44,14, 2]
[78,17, 4,36,56,71,70,10,58,78,17, 4,36,56,90,89,94,91,78,17, 4,36,56,71,70,10,58,78,17, 4,36,56]
[20,67,30,23,62,13,82,84,80,20,67,30,23,62,77,97,85,66,20,67,30,23,62,13,82,84,80,20,67,30,23,62]
[16,52,28,51,54,41,65, 5,43,16,52,28,51,54,41,65, 5,43,16,52,28,51,54,41,65, 5,43,16,52,28,51,54]
[12,24,64, 7,11,22, 6,79,68,12,24,64, 7,11,22, 6,79,68,12,24,64, 7,11,22, 6,79,68,12,24,64, 7,11]
[59,76,35,31,27,63,60,55, 9,59,76,35,31,27,63,60,55, 9,59,76,35,31,27,63,60,55, 9,59,76,35,31,27]
[72,45,50,73,39,81,18, 1,29,72,45,50,73,39,81,18, 1,29,72,45,50,73,39,81,18, 1,29,72,45,50,73,39]
[57, 8,19,61,46, 3,26,38,37,57, 8,19,61,46, 3,26,38,37,57, 8,19,61,46, 3,26,38,37,57, 8,19,61,46]
[47,42,40,32,33,83,21,88,15,47,42,40,32,33,83,21,88,15,47,42,40,32,33,83,21,88,15,47,42,40,32,33]
[48,49,44,14, 2,34,69,25,53,48,49,44,14, 2,34,69,25,53,48,49,44,14, 2,34,69,25,53,48,49,44,14, 2]
[78,17, 4,36,56,71,70,10,58,78,17, 4,36,56,71,70,10,58,78,17, 4,36,56,71,70,10,58,78,17, 4,36,56]
[20,67,30,23,62,13,82,84,80,20,67,30,23,62,13,82,84,80,20,67,30,23,62,13,82,84,80,20,67,30,23,62]
[16,52,28,51,54,41,65, 5,43,16,52,28,51,54,41,65, 5,43,16,52,28,51,54,41,65, 5,43,16,52,28,51,54]
[12,24,64, 7,11,22, 6,79,68,12,24,64, 7,11,22, 6,79,68,12,24,64, 7,11,22, 6,79,68,12,24,64, 7,11]
[59,76,35,31,27,63,60,55, 9,59,76,35,31,27,63,60,55, 9,59,76,35,31,27,63,60,55, 9,59,76,35,31,27]
[72,45,50,73,39,81,18, 1,29,72,45,50,73,39,81,18, 1,29,72,45,50,73,39,81,18, 1,29,72,45,50,73,39]
[57, 8,19,61,46, 3,26,38,37,57, 8,19,61,46, 3,26,38,37,57, 8,19,61,46, 3,26,38,37,57, 8,19,61,46]
