[d, p, q] = [28, 1, 27]
484,0,444,32,64
Degree Spatial distribution
[2, 3, 3, 3, 3, 2, 2, 2, 2, 2, 2, 2, 2, 2, 2, 2, 2, 2, 2, 2, 2, 2, 2, 2, 2, 2, 2, 3, 3, 3, 3, 2]
[3, 4, 4, 4, 4, 2, 2, 2, 2, 2, 2, 2, 2, 2, 2, 2, 2, 2, 2, 2, 2, 2, 2, 2, 2, 2, 2, 4, 4, 4, 4, 3]
[3, 4, 4, 4, 4, 2, 2, 2, 2, 2, 2, 2, 2, 2, 2, 2, 2, 2, 2, 2, 2, 2, 2, 2, 2, 2, 2, 4, 4, 4, 4, 3]
[3, 4, 4, 4, 4, 2, 2, 2, 2, 2, 2, 2, 2, 2, 2, 2, 2, 2, 2, 2, 2, 2, 2, 2, 2, 2, 2, 4, 4, 4, 4, 3]
[3, 4, 4, 4, 4, 2, 2, 2, 2, 2, 2, 2, 2, 2, 2, 2, 2, 2, 2, 2, 2, 2, 2, 2, 2, 2, 2, 4, 4, 4, 4, 3]
[2, 2, 2, 2, 2, 0, 0, 0, 0, 0, 0, 0, 0, 0, 0, 0, 0, 0, 0, 0, 0, 0, 0, 0, 0, 0, 0, 2, 2, 2, 2, 2]
[2, 2, 2, 2, 2, 0, 0, 0, 0, 0, 0, 0, 0, 0, 0, 0, 0, 0, 0, 0, 0, 0, 0, 0, 0, 0, 0, 2, 2, 2, 2, 2]
[2, 2, 2, 2, 2, 0, 0, 0, 0, 0, 0, 0, 0, 0, 0, 0, 0, 0, 0, 0, 0, 0, 0, 0, 0, 0, 0, 2, 2, 2, 2, 2]
[2, 2, 2, 2, 2, 0, 0, 0, 0, 0, 0, 0, 0, 0, 0, 0, 0, 0, 0, 0, 0, 0, 0, 0, 0, 0, 0, 2, 2, 2, 2, 2]
[2, 2, 2, 2, 2, 0, 0, 0, 0, 0, 0, 0, 0, 0, 0, 0, 0, 0, 0, 0, 0, 0, 0, 0, 0, 0, 0, 2, 2, 2, 2, 2]
[2, 2, 2, 2, 2, 0, 0, 0, 0, 0, 0, 0, 0, 0, 0, 0, 0, 0, 0, 0, 0, 0, 0, 0, 0, 0, 0, 2, 2, 2, 2, 2]
[2, 2, 2, 2, 2, 0, 0, 0, 0, 0, 0, 0, 0, 0, 0, 0, 0, 0, 0, 0, 0, 0, 0, 0, 0, 0, 0, 2, 2, 2, 2, 2]
[2, 2, 2, 2, 2, 0, 0, 0, 0, 0, 0, 0, 0, 0, 0, 0, 0, 0, 0, 0, 0, 0, 0, 0, 0, 0, 0, 2, 2, 2, 2, 2]
[2, 2, 2, 2, 2, 0, 0, 0, 0, 0, 0, 0, 0, 0, 0, 0, 0, 0, 0, 0, 0, 0, 0, 0, 0, 0, 0, 2, 2, 2, 2, 2]
[2, 2, 2, 2, 2, 0, 0, 0, 0, 0, 0, 0, 0, 0, 0, 0, 0, 0, 0, 0, 0, 0, 0, 0, 0, 0, 0, 2, 2, 2, 2, 2]
[2, 2, 2, 2, 2, 0, 0, 0, 0, 0, 0, 0, 0, 0, 0, 0, 0, 0, 0, 0, 0, 0, 0, 0, 0, 0, 0, 2, 2, 2, 2, 2]
[2, 2, 2, 2, 2, 0, 0, 0, 0, 0, 0, 0, 0, 0, 0, 0, 0, 0, 0, 0, 0, 0, 0, 0, 0, 0, 0, 2, 2, 2, 2, 2]
[2, 2, 2, 2, 2, 0, 0, 0, 0, 0, 0, 0, 0, 0, 0, 0, 0, 0, 0, 0, 0, 0, 0, 0, 0, 0, 0, 2, 2, 2, 2, 2]
[2, 2, 2, 2, 2, 0, 0, 0, 0, 0, 0, 0, 0, 0, 0, 0, 0, 0, 0, 0, 0, 0, 0, 0, 0, 0, 0, 2, 2, 2, 2, 2]
[2, 2, 2, 2, 2, 0, 0, 0, 0, 0, 0, 0, 0, 0, 0, 0, 0, 0, 0, 0, 0, 0, 0, 0, 0, 0, 0, 2, 2, 2, 2, 2]
[2, 2, 2, 2, 2, 0, 0, 0, 0, 0, 0, 0, 0, 0, 0, 0, 0, 0, 0, 0, 0, 0, 0, 0, 0, 0, 0, 2, 2, 2, 2, 2]
[2, 2, 2, 2, 2, 0, 0, 0, 0, 0, 0, 0, 0, 0, 0, 0, 0, 0, 0, 0, 0, 0, 0, 0, 0, 0, 0, 2, 2, 2, 2, 2]
[2, 2, 2, 2, 2, 0, 0, 0, 0, 0, 0, 0, 0, 0, 0, 0, 0, 0, 0, 0, 0, 0, 0, 0, 0, 0, 0, 2, 2, 2, 2, 2]
[2, 2, 2, 2, 2, 0, 0, 0, 0, 0, 0, 0, 0, 0, 0, 0, 0, 0, 0, 0, 0, 0, 0, 0, 0, 0, 0, 2, 2, 2, 2, 2]
[2, 2, 2, 2, 2, 0, 0, 0, 0, 0, 0, 0, 0, 0, 0, 0, 0, 0, 0, 0, 0, 0, 0, 0, 0, 0, 0, 2, 2, 2, 2, 2]
[2, 2, 2, 2, 2, 0, 0, 0, 0, 0, 0, 0, 0, 0, 0, 0, 0, 0, 0, 0, 0, 0, 0, 0, 0, 0, 0, 2, 2, 2, 2, 2]
[2, 2, 2, 2, 2, 0, 0, 0, 0, 0, 0, 0, 0, 0, 0, 0, 0, 0, 0, 0, 0, 0, 0, 0, 0, 0, 0, 2, 2, 2, 2, 2]
[3, 4, 4, 4, 4, 2, 2, 2, 2, 2, 2, 2, 2, 2, 2, 2, 2, 2, 2, 2, 2, 2, 2, 2, 2, 2, 2, 4, 4, 4, 4, 3]
[3, 4, 4, 4, 4, 2, 2, 2, 2, 2, 2, 2, 2, 2, 2, 2, 2, 2, 2, 2, 2, 2, 2, 2, 2, 2, 2, 4, 4, 4, 4, 3]
[3, 4, 4, 4, 4, 2, 2, 2, 2, 2, 2, 2, 2, 2, 2, 2, 2, 2, 2, 2, 2, 2, 2, 2, 2, 2, 2, 4, 4, 4, 4, 3]
[3, 4, 4, 4, 4, 2, 2, 2, 2, 2, 2, 2, 2, 2, 2, 2, 2, 2, 2, 2, 2, 2, 2, 2, 2, 2, 2, 4, 4, 4, 4, 3]
[2, 3, 3, 3, 3, 2, 2, 2, 2, 2, 2, 2, 2, 2, 2, 2, 2, 2, 2, 2, 2, 2, 2, 2, 2, 2, 2, 3, 3, 3, 3, 2]
Edges: 620
Moves: 1240
Max Clique Size: 2
Number of Max Cliques: 1104
Number of Connected Components: 486
Connected Components Spatial Distribution
[  1,  2,  1,  2,  1,  2,  1,  2,  1,  2,  1,  2,  1,  2,  1,  2,  1,  2,  1,  2,  1,  2,  1,  2,  1,  2,  1,  2,  1,  2,  1,  2]
[  2,  1,  2,  1,  2,  1,  2,  1,  2,  1,  2,  1,  2,  1,  2,  1,  2,  1,  2,  1,  2,  1,  2,  1,  2,  1,  2,  1,  2,  1,  2,  1]
[  1,  2,  1,  2,  1,  2,  1,  2,  1,  2,  1,  2,  1,  2,  1,  2,  1,  2,  1,  2,  1,  2,  1,  2,  1,  2,  1,  2,  1,  2,  1,  2]
[  2,  1,  2,  1,  2,  1,  2,  1,  2,  1,  2,  1,  2,  1,  2,  1,  2,  1,  2,  1,  2,  1,  2,  1,  2,  1,  2,  1,  2,  1,  2,  1]
[  1,  2,  1,  2,  1,  2,  1,  2,  1,  2,  1,  2,  1,  2,  1,  2,  1,  2,  1,  2,  1,  2,  1,  2,  1,  2,  1,  2,  1,  2,  1,  2]
[  2,  1,  2,  1,  2,377,205,268, 12,369, 90,257,464,341,166,220,450,331, 50,209,417,292,128,179,411,282,486,  1,  2,  1,  2,  1]
[  1,  2,  1,  2,  1,100,343,137,293, 89,215,129,260, 63,299, 97,245, 47,175, 82,212, 11,253, 54,202,485,134,  2,  1,  2,  1,  2]
[  2,  1,  2,  1,  2,305,136,345, 87,295, 13,336, 59,264, 94,302, 44,248,455,286,  8,214, 53,254,483,204,413,  1,  2,  1,  2,  1]
[  1,  2,  1,  2,  1,135,451,402,367,316,255, 92, 39,467, 38,466,208,155,105,154,104, 51,368,317,281,219,170,  2,  1,  2,  1,  2]
[  2,  1,  2,  1,  2,342,246,125,160, 31, 55,297,324,188,323,187,  4,362,382,361,381,251,161, 32, 76,425,449,  1,  2,  1,  2,  1]
[  1,  2,  1,  2,  1, 65,378,472,438,235,180,164,116,397,445, 62,285, 83, 26,226,174,456,294,387,354,149, 99,  2,  1,  2,  1,  2]
[  2,  1,  2,  1,  2,266,171,193,233,440,459,371,393,120,240,263, 79,287,311,431,454,177, 88,110,147,356,376,  1,  2,  1,  2,  1]
[  1,  2,  1,  2,  1,470,123,249, 29,458,111,238,373,327,184,326,358,308,436,307,435,384, 30,162,423,374, 19,  2,  1,  2,  1,  2]
[  2,  1,  2,  1,  2,191,400,453,314,178,388,443,167, 42,463, 41,151, 23,231, 22,230,107,315,370,217, 96,304,  1,  2,  1,  2,  1]
[  1,  2,  1,  2,  1,399, 45,332,108,386, 33,320,446,243,115,396,429,227,365,379, 25,313,439,236, 15,301,427,  2,  1,  2,  1,  2]
[  2,  1,  2,  1,  2,122,329, 48,385,109,318, 35,241,448,392,119,224,432,158,102,310, 28,234,441,298, 17,222,  1,  2,  1,  2,  1]
[  1,  2,  1,  2,  1,206,152,103,442,390,338,279,218,169,337,278,404,350,290,452,403,349,289,232, 93, 40,469,  2,  1,  2,  1,  2]
[  2,  1,  2,  1,  2,414,430,309,237,113,132,482, 16,375,131,481,196, 69, 85,172,195, 68, 84,437,372,242,265,  1,  2,  1,  2,  1]
[  1,  2,  1,  2,  1,138, 80,173, 34,321,261,353,300, 98,259,352,475,274,213, 46,474,273,211,312,165,447,398,  2,  1,  2,  1,  2]
[  2,  1,  2,  1,  2,346,359,380,319, 36, 60, 74, 95,303, 58, 73,271,477,  9,247,270,476,  7, 27,444,168,190,  1,  2,  1,  2,  1]
[  1,  2,  1,  2,  1, 66,306,433,112, 57,185,422, 77, 18,480,133, 67,  5,142,124,250,197,434, 86,239,186,328,  2,  1,  2,  1,  2]
[  2,  1,  2,  1,  2,269,101,156,389,258,465,146,355,221,277,340,347,210,418,330, 49,405,229,291, 37,395,121,  1,  2,  1,  2,  1]
[  1,  2,  1,  2,  1,473,225, 24,181,461,117, 14,148,426,409,200,139,416, 70,192,333,127,364,159,322,118,244,  2,  1,  2,  1,  2]
[  2,  1,  2,  1,  2,194, 21,228,460,182,394,216,424,150,199,410,415,141,351,401,126,334,157,366,114,325, 43,  1,  2,  1,  2,  1]
[  1,  2,  1,  2,  1, 20,348,288,256,198,145,468,412,357,144, 91,106, 52,479,267,207,153,478,419,391,339,280,  2,  1,  2,  1,  2]
[  2,  1,  2,  1,  2,223,140,  6, 56,408,421,189,203, 78,420,296,383,252,276,471,  3,360,275,143,183, 61, 75,  1,  2,  1,  2,  1]
[  1,  2,  1,  2,  1,428,272,363,335,130, 72, 64,484,283, 71,163,176,457,407,344,284, 81,406, 10,462,262,201,  2,  1,  2,  1,  2]
[  2,  1,  2,  1,  2,  1,  2,  1,  2,  1,  2,  1,  2,  1,  2,  1,  2,  1,  2,  1,  2,  1,  2,  1,  2,  1,  2,  1,  2,  1,  2,  1]
[  1,  2,  1,  2,  1,  2,  1,  2,  1,  2,  1,  2,  1,  2,  1,  2,  1,  2,  1,  2,  1,  2,  1,  2,  1,  2,  1,  2,  1,  2,  1,  2]
[  2,  1,  2,  1,  2,  1,  2,  1,  2,  1,  2,  1,  2,  1,  2,  1,  2,  1,  2,  1,  2,  1,  2,  1,  2,  1,  2,  1,  2,  1,  2,  1]
[  1,  2,  1,  2,  1,  2,  1,  2,  1,  2,  1,  2,  1,  2,  1,  2,  1,  2,  1,  2,  1,  2,  1,  2,  1,  2,  1,  2,  1,  2,  1,  2]
[  2,  1,  2,  1,  2,  1,  2,  1,  2,  1,  2,  1,  2,  1,  2,  1,  2,  1,  2,  1,  2,  1,  2,  1,  2,  1,  2,  1,  2,  1,  2,  1]
