[d, p, q] = [28, 4, 24]
256,0,576,128,64
Degree Spatial distribution
[2, 2, 2, 2, 3, 3, 3, 3, 2, 2, 2, 2, 2, 2, 2, 2, 2, 2, 2, 2, 2, 2, 2, 2, 3, 3, 3, 3, 2, 2, 2, 2]
[2, 2, 2, 2, 3, 3, 3, 3, 2, 2, 2, 2, 2, 2, 2, 2, 2, 2, 2, 2, 2, 2, 2, 2, 3, 3, 3, 3, 2, 2, 2, 2]
[2, 2, 2, 2, 3, 3, 3, 3, 2, 2, 2, 2, 2, 2, 2, 2, 2, 2, 2, 2, 2, 2, 2, 2, 3, 3, 3, 3, 2, 2, 2, 2]
[2, 2, 2, 2, 3, 3, 3, 3, 2, 2, 2, 2, 2, 2, 2, 2, 2, 2, 2, 2, 2, 2, 2, 2, 3, 3, 3, 3, 2, 2, 2, 2]
[3, 3, 3, 3, 4, 4, 4, 4, 2, 2, 2, 2, 2, 2, 2, 2, 2, 2, 2, 2, 2, 2, 2, 2, 4, 4, 4, 4, 3, 3, 3, 3]
[3, 3, 3, 3, 4, 4, 4, 4, 2, 2, 2, 2, 2, 2, 2, 2, 2, 2, 2, 2, 2, 2, 2, 2, 4, 4, 4, 4, 3, 3, 3, 3]
[3, 3, 3, 3, 4, 4, 4, 4, 2, 2, 2, 2, 2, 2, 2, 2, 2, 2, 2, 2, 2, 2, 2, 2, 4, 4, 4, 4, 3, 3, 3, 3]
[3, 3, 3, 3, 4, 4, 4, 4, 2, 2, 2, 2, 2, 2, 2, 2, 2, 2, 2, 2, 2, 2, 2, 2, 4, 4, 4, 4, 3, 3, 3, 3]
[2, 2, 2, 2, 2, 2, 2, 2, 0, 0, 0, 0, 0, 0, 0, 0, 0, 0, 0, 0, 0, 0, 0, 0, 2, 2, 2, 2, 2, 2, 2, 2]
[2, 2, 2, 2, 2, 2, 2, 2, 0, 0, 0, 0, 0, 0, 0, 0, 0, 0, 0, 0, 0, 0, 0, 0, 2, 2, 2, 2, 2, 2, 2, 2]
[2, 2, 2, 2, 2, 2, 2, 2, 0, 0, 0, 0, 0, 0, 0, 0, 0, 0, 0, 0, 0, 0, 0, 0, 2, 2, 2, 2, 2, 2, 2, 2]
[2, 2, 2, 2, 2, 2, 2, 2, 0, 0, 0, 0, 0, 0, 0, 0, 0, 0, 0, 0, 0, 0, 0, 0, 2, 2, 2, 2, 2, 2, 2, 2]
[2, 2, 2, 2, 2, 2, 2, 2, 0, 0, 0, 0, 0, 0, 0, 0, 0, 0, 0, 0, 0, 0, 0, 0, 2, 2, 2, 2, 2, 2, 2, 2]
[2, 2, 2, 2, 2, 2, 2, 2, 0, 0, 0, 0, 0, 0, 0, 0, 0, 0, 0, 0, 0, 0, 0, 0, 2, 2, 2, 2, 2, 2, 2, 2]
[2, 2, 2, 2, 2, 2, 2, 2, 0, 0, 0, 0, 0, 0, 0, 0, 0, 0, 0, 0, 0, 0, 0, 0, 2, 2, 2, 2, 2, 2, 2, 2]
[2, 2, 2, 2, 2, 2, 2, 2, 0, 0, 0, 0, 0, 0, 0, 0, 0, 0, 0, 0, 0, 0, 0, 0, 2, 2, 2, 2, 2, 2, 2, 2]
[2, 2, 2, 2, 2, 2, 2, 2, 0, 0, 0, 0, 0, 0, 0, 0, 0, 0, 0, 0, 0, 0, 0, 0, 2, 2, 2, 2, 2, 2, 2, 2]
[2, 2, 2, 2, 2, 2, 2, 2, 0, 0, 0, 0, 0, 0, 0, 0, 0, 0, 0, 0, 0, 0, 0, 0, 2, 2, 2, 2, 2, 2, 2, 2]
[2, 2, 2, 2, 2, 2, 2, 2, 0, 0, 0, 0, 0, 0, 0, 0, 0, 0, 0, 0, 0, 0, 0, 0, 2, 2, 2, 2, 2, 2, 2, 2]
[2, 2, 2, 2, 2, 2, 2, 2, 0, 0, 0, 0, 0, 0, 0, 0, 0, 0, 0, 0, 0, 0, 0, 0, 2, 2, 2, 2, 2, 2, 2, 2]
[2, 2, 2, 2, 2, 2, 2, 2, 0, 0, 0, 0, 0, 0, 0, 0, 0, 0, 0, 0, 0, 0, 0, 0, 2, 2, 2, 2, 2, 2, 2, 2]
[2, 2, 2, 2, 2, 2, 2, 2, 0, 0, 0, 0, 0, 0, 0, 0, 0, 0, 0, 0, 0, 0, 0, 0, 2, 2, 2, 2, 2, 2, 2, 2]
[2, 2, 2, 2, 2, 2, 2, 2, 0, 0, 0, 0, 0, 0, 0, 0, 0, 0, 0, 0, 0, 0, 0, 0, 2, 2, 2, 2, 2, 2, 2, 2]
[2, 2, 2, 2, 2, 2, 2, 2, 0, 0, 0, 0, 0, 0, 0, 0, 0, 0, 0, 0, 0, 0, 0, 0, 2, 2, 2, 2, 2, 2, 2, 2]
[3, 3, 3, 3, 4, 4, 4, 4, 2, 2, 2, 2, 2, 2, 2, 2, 2, 2, 2, 2, 2, 2, 2, 2, 4, 4, 4, 4, 3, 3, 3, 3]
[3, 3, 3, 3, 4, 4, 4, 4, 2, 2, 2, 2, 2, 2, 2, 2, 2, 2, 2, 2, 2, 2, 2, 2, 4, 4, 4, 4, 3, 3, 3, 3]
[3, 3, 3, 3, 4, 4, 4, 4, 2, 2, 2, 2, 2, 2, 2, 2, 2, 2, 2, 2, 2, 2, 2, 2, 4, 4, 4, 4, 3, 3, 3, 3]
[3, 3, 3, 3, 4, 4, 4, 4, 2, 2, 2, 2, 2, 2, 2, 2, 2, 2, 2, 2, 2, 2, 2, 2, 4, 4, 4, 4, 3, 3, 3, 3]
[2, 2, 2, 2, 3, 3, 3, 3, 2, 2, 2, 2, 2, 2, 2, 2, 2, 2, 2, 2, 2, 2, 2, 2, 3, 3, 3, 3, 2, 2, 2, 2]
[2, 2, 2, 2, 3, 3, 3, 3, 2, 2, 2, 2, 2, 2, 2, 2, 2, 2, 2, 2, 2, 2, 2, 2, 3, 3, 3, 3, 2, 2, 2, 2]
[2, 2, 2, 2, 3, 3, 3, 3, 2, 2, 2, 2, 2, 2, 2, 2, 2, 2, 2, 2, 2, 2, 2, 2, 3, 3, 3, 3, 2, 2, 2, 2]
[2, 2, 2, 2, 3, 3, 3, 3, 2, 2, 2, 2, 2, 2, 2, 2, 2, 2, 2, 2, 2, 2, 2, 2, 3, 3, 3, 3, 2, 2, 2, 2]
Edges: 896
Moves: 1792
Max Clique Size: 2
Number of Max Cliques: 1152
Number of Connected Components: 272
Connected Components Spatial Distribution
[ 23,  7,  6,  8, 23,  7,  6,  8, 23,  7,  6,  8, 23,  7,  6,  8, 23,  7,  6,  8, 23,  7,  6,  8, 23,  7,  6,  8, 23,  7,  6,  8]
[  4, 21, 18, 10,  4, 21, 18, 10,  4, 21, 18, 10,  4, 21, 18, 10,  4, 21, 18, 10,  4, 21, 18, 10,  4, 21, 18, 10,  4, 21, 18, 10]
[ 17, 14, 22,  2, 17, 14, 22,  2, 17, 14, 22,  2, 17, 14, 22,  2, 17, 14, 22,  2, 17, 14, 22,  2, 17, 14, 22,  2, 17, 14, 22,  2]
[ 12,  3, 15,  1, 12,  3, 15,  1, 12,  3, 15,  1, 12,  3, 15,  1, 12,  3, 15,  1, 12,  3, 15,  1, 12,  3, 15,  1, 12,  3, 15,  1]
[ 23,  7,  6,  8, 23,  7,  6,  8, 23,  7,  6,  8, 23,  7,  6,  8, 23,  7,  6,  8, 23,  7,  6,  8, 23,  7,  6,  8, 23,  7,  6,  8]
[  4, 21, 18, 10,  4, 21, 18, 10,  4, 21, 18, 10,  4, 21, 18, 10,  4, 21, 18, 10,  4, 21, 18, 10,  4, 21, 18, 10,  4, 21, 18, 10]
[ 17, 14, 22,  2, 17, 14, 22,  2, 17, 14, 22,  2, 17, 14, 22,  2, 17, 14, 22,  2, 17, 14, 22,  2, 17, 14, 22,  2, 17, 14, 22,  2]
[ 12,  3, 15,  1, 12,  3, 15,  1, 12,  3, 15,  1, 12,  3, 15,  1, 12,  3, 15,  1, 12,  3, 15,  1, 12,  3, 15,  1, 12,  3, 15,  1]
[ 23,  7,  6,  8, 23,  7,  6,  8,206,177,148, 63, 39,265, 38,264,122, 95, 68, 94, 67, 44,207,178, 23,  7,  6,  8, 23,  7,  6,  8]
[  4, 21, 18, 10,  4, 21, 18, 10, 99, 32, 45,166,184,115,183,114,  5,202,214,201,213,147,100, 33,  4, 21, 18, 10,  4, 21, 18, 10]
[ 17, 14, 22,  2, 17, 14, 22,  2,246,138,109,102, 77,226,252, 49,160, 58, 27,130,106,257,165,218, 17, 14, 22,  2, 17, 14, 22,  2]
[ 12,  3, 15,  1, 12,  3, 15,  1,136,248,259,209,223, 80,142,152, 57,161,172,240,256,107, 62, 72, 12,  3, 15,  1, 12,  3, 15,  1]
[ 23,  7,  6,  8, 23,  7,  6,  8, 30,258, 73,141,210,186,112,185,200,170,244,169,243,215, 31,101, 23,  7,  6,  8, 23,  7,  6,  8]
[  4, 21, 18, 10,  4, 21, 18, 10,175,108,219,251,103, 41,262, 40, 93, 25,134, 24,133, 69,176,208,  4, 21, 18, 10,  4, 21, 18, 10]
[ 17, 14, 22,  2, 17, 14, 22,  2, 70,217, 34,181,253,144, 76,225,239,131,204,212, 26,174,247,139, 17, 14, 22,  2, 17, 14, 22,  2]
[ 12,  3, 15,  1, 12,  3, 15,  1,216, 71,179, 36,143,254,222, 79,129,241, 97, 66,171, 29,137,249, 12,  3, 15,  1, 12,  3, 15,  1]
[ 23,  7,  6,  8, 23,  7,  6,  8,250,221,191,159,127,104,190,158,229,195,163,255,228,194,162,135, 23,  7,  6,  8, 23,  7,  6,  8]
[  4, 21, 18, 10,  4, 21, 18, 10,140, 75, 85,272, 19,211, 84,271,118, 52, 60,105,117, 51, 59,245,  4, 21, 18, 10,  4, 21, 18, 10]
[ 17, 14, 22,  2, 17, 14, 22,  2, 35,182,151,198,167, 65,150,197,267,156,125, 42,266,155,124,173, 17, 14, 22,  2, 17, 14, 22,  2]
[ 12,  3, 15,  1, 12,  3, 15,  1,180, 37, 48, 55, 64,168, 47, 54,154,269, 13,145,153,268, 11, 28, 12,  3, 15,  1, 12,  3, 15,  1]
[ 23,  7,  6,  8, 23,  7,  6,  8, 74, 46,113,236, 56, 20,270, 86, 50,  9, 89, 81,146,119,242, 61, 23,  7,  6,  8, 23,  7,  6,  8]
[  4, 21, 18, 10,  4, 21, 18, 10,220,149,263, 90,199,128,157,192,193,123,235,187, 43,230,132,164,  4, 21, 18, 10,  4, 21, 18, 10]
[ 17, 14, 22,  2, 17, 14, 22,  2,110,261, 78, 16, 91,238,231,121, 87,234, 53,116,188, 83,203, 98, 17, 14, 22,  2, 17, 14, 22,  2]
[ 12,  3, 15,  1, 12,  3, 15,  1,260,111,224,126,237, 92,120,232,233, 88,196,227, 82,189, 96,205, 12,  3, 15,  1, 12,  3, 15,  1]
[ 23,  7,  6,  8, 23,  7,  6,  8, 23,  7,  6,  8, 23,  7,  6,  8, 23,  7,  6,  8, 23,  7,  6,  8, 23,  7,  6,  8, 23,  7,  6,  8]
[  4, 21, 18, 10,  4, 21, 18, 10,  4, 21, 18, 10,  4, 21, 18, 10,  4, 21, 18, 10,  4, 21, 18, 10,  4, 21, 18, 10,  4, 21, 18, 10]
[ 17, 14, 22,  2, 17, 14, 22,  2, 17, 14, 22,  2, 17, 14, 22,  2, 17, 14, 22,  2, 17, 14, 22,  2, 17, 14, 22,  2, 17, 14, 22,  2]
[ 12,  3, 15,  1, 12,  3, 15,  1, 12,  3, 15,  1, 12,  3, 15,  1, 12,  3, 15,  1, 12,  3, 15,  1, 12,  3, 15,  1, 12,  3, 15,  1]
[ 23,  7,  6,  8, 23,  7,  6,  8, 23,  7,  6,  8, 23,  7,  6,  8, 23,  7,  6,  8, 23,  7,  6,  8, 23,  7,  6,  8, 23,  7,  6,  8]
[  4, 21, 18, 10,  4, 21, 18, 10,  4, 21, 18, 10,  4, 21, 18, 10,  4, 21, 18, 10,  4, 21, 18, 10,  4, 21, 18, 10,  4, 21, 18, 10]
[ 17, 14, 22,  2, 17, 14, 22,  2, 17, 14, 22,  2, 17, 14, 22,  2, 17, 14, 22,  2, 17, 14, 22,  2, 17, 14, 22,  2, 17, 14, 22,  2]
[ 12,  3, 15,  1, 12,  3, 15,  1, 12,  3, 15,  1, 12,  3, 15,  1, 12,  3, 15,  1, 12,  3, 15,  1, 12,  3, 15,  1, 12,  3, 15,  1]
