[d, p, q] = [28, 7, 21]
100,0,636,224,64
Degree Spatial distribution
[2, 2, 2, 2, 2, 2, 2, 3, 3, 3, 3, 2, 2, 2, 2, 2, 2, 2, 2, 2, 2, 3, 3, 3, 3, 2, 2, 2, 2, 2, 2, 2]
[2, 2, 2, 2, 2, 2, 2, 3, 3, 3, 3, 2, 2, 2, 2, 2, 2, 2, 2, 2, 2, 3, 3, 3, 3, 2, 2, 2, 2, 2, 2, 2]
[2, 2, 2, 2, 2, 2, 2, 3, 3, 3, 3, 2, 2, 2, 2, 2, 2, 2, 2, 2, 2, 3, 3, 3, 3, 2, 2, 2, 2, 2, 2, 2]
[2, 2, 2, 2, 2, 2, 2, 3, 3, 3, 3, 2, 2, 2, 2, 2, 2, 2, 2, 2, 2, 3, 3, 3, 3, 2, 2, 2, 2, 2, 2, 2]
[2, 2, 2, 2, 2, 2, 2, 3, 3, 3, 3, 2, 2, 2, 2, 2, 2, 2, 2, 2, 2, 3, 3, 3, 3, 2, 2, 2, 2, 2, 2, 2]
[2, 2, 2, 2, 2, 2, 2, 3, 3, 3, 3, 2, 2, 2, 2, 2, 2, 2, 2, 2, 2, 3, 3, 3, 3, 2, 2, 2, 2, 2, 2, 2]
[2, 2, 2, 2, 2, 2, 2, 3, 3, 3, 3, 2, 2, 2, 2, 2, 2, 2, 2, 2, 2, 3, 3, 3, 3, 2, 2, 2, 2, 2, 2, 2]
[3, 3, 3, 3, 3, 3, 3, 4, 4, 4, 4, 2, 2, 2, 2, 2, 2, 2, 2, 2, 2, 4, 4, 4, 4, 3, 3, 3, 3, 3, 3, 3]
[3, 3, 3, 3, 3, 3, 3, 4, 4, 4, 4, 2, 2, 2, 2, 2, 2, 2, 2, 2, 2, 4, 4, 4, 4, 3, 3, 3, 3, 3, 3, 3]
[3, 3, 3, 3, 3, 3, 3, 4, 4, 4, 4, 2, 2, 2, 2, 2, 2, 2, 2, 2, 2, 4, 4, 4, 4, 3, 3, 3, 3, 3, 3, 3]
[3, 3, 3, 3, 3, 3, 3, 4, 4, 4, 4, 2, 2, 2, 2, 2, 2, 2, 2, 2, 2, 4, 4, 4, 4, 3, 3, 3, 3, 3, 3, 3]
[2, 2, 2, 2, 2, 2, 2, 2, 2, 2, 2, 0, 0, 0, 0, 0, 0, 0, 0, 0, 0, 2, 2, 2, 2, 2, 2, 2, 2, 2, 2, 2]
[2, 2, 2, 2, 2, 2, 2, 2, 2, 2, 2, 0, 0, 0, 0, 0, 0, 0, 0, 0, 0, 2, 2, 2, 2, 2, 2, 2, 2, 2, 2, 2]
[2, 2, 2, 2, 2, 2, 2, 2, 2, 2, 2, 0, 0, 0, 0, 0, 0, 0, 0, 0, 0, 2, 2, 2, 2, 2, 2, 2, 2, 2, 2, 2]
[2, 2, 2, 2, 2, 2, 2, 2, 2, 2, 2, 0, 0, 0, 0, 0, 0, 0, 0, 0, 0, 2, 2, 2, 2, 2, 2, 2, 2, 2, 2, 2]
[2, 2, 2, 2, 2, 2, 2, 2, 2, 2, 2, 0, 0, 0, 0, 0, 0, 0, 0, 0, 0, 2, 2, 2, 2, 2, 2, 2, 2, 2, 2, 2]
[2, 2, 2, 2, 2, 2, 2, 2, 2, 2, 2, 0, 0, 0, 0, 0, 0, 0, 0, 0, 0, 2, 2, 2, 2, 2, 2, 2, 2, 2, 2, 2]
[2, 2, 2, 2, 2, 2, 2, 2, 2, 2, 2, 0, 0, 0, 0, 0, 0, 0, 0, 0, 0, 2, 2, 2, 2, 2, 2, 2, 2, 2, 2, 2]
[2, 2, 2, 2, 2, 2, 2, 2, 2, 2, 2, 0, 0, 0, 0, 0, 0, 0, 0, 0, 0, 2, 2, 2, 2, 2, 2, 2, 2, 2, 2, 2]
[2, 2, 2, 2, 2, 2, 2, 2, 2, 2, 2, 0, 0, 0, 0, 0, 0, 0, 0, 0, 0, 2, 2, 2, 2, 2, 2, 2, 2, 2, 2, 2]
[2, 2, 2, 2, 2, 2, 2, 2, 2, 2, 2, 0, 0, 0, 0, 0, 0, 0, 0, 0, 0, 2, 2, 2, 2, 2, 2, 2, 2, 2, 2, 2]
[3, 3, 3, 3, 3, 3, 3, 4, 4, 4, 4, 2, 2, 2, 2, 2, 2, 2, 2, 2, 2, 4, 4, 4, 4, 3, 3, 3, 3, 3, 3, 3]
[3, 3, 3, 3, 3, 3, 3, 4, 4, 4, 4, 2, 2, 2, 2, 2, 2, 2, 2, 2, 2, 4, 4, 4, 4, 3, 3, 3, 3, 3, 3, 3]
[3, 3, 3, 3, 3, 3, 3, 4, 4, 4, 4, 2, 2, 2, 2, 2, 2, 2, 2, 2, 2, 4, 4, 4, 4, 3, 3, 3, 3, 3, 3, 3]
[3, 3, 3, 3, 3, 3, 3, 4, 4, 4, 4, 2, 2, 2, 2, 2, 2, 2, 2, 2, 2, 4, 4, 4, 4, 3, 3, 3, 3, 3, 3, 3]
[2, 2, 2, 2, 2, 2, 2, 3, 3, 3, 3, 2, 2, 2, 2, 2, 2, 2, 2, 2, 2, 3, 3, 3, 3, 2, 2, 2, 2, 2, 2, 2]
[2, 2, 2, 2, 2, 2, 2, 3, 3, 3, 3, 2, 2, 2, 2, 2, 2, 2, 2, 2, 2, 3, 3, 3, 3, 2, 2, 2, 2, 2, 2, 2]
[2, 2, 2, 2, 2, 2, 2, 3, 3, 3, 3, 2, 2, 2, 2, 2, 2, 2, 2, 2, 2, 3, 3, 3, 3, 2, 2, 2, 2, 2, 2, 2]
[2, 2, 2, 2, 2, 2, 2, 3, 3, 3, 3, 2, 2, 2, 2, 2, 2, 2, 2, 2, 2, 3, 3, 3, 3, 2, 2, 2, 2, 2, 2, 2]
[2, 2, 2, 2, 2, 2, 2, 3, 3, 3, 3, 2, 2, 2, 2, 2, 2, 2, 2, 2, 2, 3, 3, 3, 3, 2, 2, 2, 2, 2, 2, 2]
[2, 2, 2, 2, 2, 2, 2, 3, 3, 3, 3, 2, 2, 2, 2, 2, 2, 2, 2, 2, 2, 3, 3, 3, 3, 2, 2, 2, 2, 2, 2, 2]
[2, 2, 2, 2, 2, 2, 2, 3, 3, 3, 3, 2, 2, 2, 2, 2, 2, 2, 2, 2, 2, 3, 3, 3, 3, 2, 2, 2, 2, 2, 2, 2]
Edges: 1100
Moves: 2200
Max Clique Size: 2
Number of Max Cliques: 1200
Number of Connected Components: 198
Connected Components Spatial Distribution
[ 55, 24, 33, 18,111, 68,  6,  7, 49, 16, 21,105,119, 12, 55, 24, 33, 18,111, 68,  6,  7, 49, 16, 21,105,119, 12, 55, 24, 33, 18]
[ 22, 58, 63, 35, 20, 48, 78, 45, 95, 87, 77, 25, 75, 32, 22, 58, 63, 35, 20, 48, 78, 45, 95, 87, 77, 25, 75, 32, 22, 58, 63, 35]
[114, 19, 39, 31,136, 54,120, 94, 85,  5, 74, 50, 72, 38,114, 19, 39, 31,136, 54,120, 94, 85,  5, 74, 50, 72, 38,114, 19, 39, 31]
[ 17, 30,115, 60, 65,  3, 96,  1, 71, 86, 64, 43, 36, 76, 17, 30,115, 60, 65,  3, 96,  1, 71, 86, 64, 43, 36, 76, 17, 30,115, 60]
[ 10, 26, 53, 62, 70,  8, 93, 80, 37,104, 56, 66,130,  4, 10, 26, 53, 62, 70,  8, 93, 80, 37,104, 56, 66,130,  4, 10, 26, 53, 62]
[ 73, 46, 14, 89, 34, 29,122, 88, 11, 44, 69, 59,131,112, 73, 46, 14, 89, 34, 29,122, 88, 11, 44, 69, 59,131,112, 73, 46, 14, 89]
[ 98,102,127,  2,101, 82,134, 15,107, 28, 81,116, 79, 57, 98,102,127,  2,101, 82,134, 15,107, 28, 81,116, 79, 57, 98,102,127,  2]
[  7, 49, 16, 21,105,119, 12, 55, 24, 33, 18,111, 68,  6,  7, 49, 16, 21,105,119, 12, 55, 24, 33, 18,111, 68,  6,  7, 49, 16, 21]
[ 45, 95, 87, 77, 25, 75, 32, 22, 58, 63, 35, 20, 48, 78, 45, 95, 87, 77, 25, 75, 32, 22, 58, 63, 35, 20, 48, 78, 45, 95, 87, 77]
[ 94, 85,  5, 74, 50, 72, 38,114, 19, 39, 31,136, 54,120, 94, 85,  5, 74, 50, 72, 38,114, 19, 39, 31,136, 54,120, 94, 85,  5, 74]
[  1, 71, 86, 64, 43, 36, 76, 17, 30,115, 60, 65,  3, 96,  1, 71, 86, 64, 43, 36, 76, 17, 30,115, 60, 65,  3, 96,  1, 71, 86, 64]
[ 80, 37,104, 56, 66,130,  4, 10, 26, 53, 62,172,177,110,143,149, 97,155,162,183,191, 10, 26, 53, 62, 70,  8, 93, 80, 37,104, 56]
[ 88, 11, 44, 69, 59,131,112, 73, 46, 14, 89,142,173,165,129,164,170,160,186,159,185, 73, 46, 14, 89, 34, 29,122, 88, 11, 44, 69]
[ 15,107, 28, 81,116, 79, 57, 98,102,127,  2,187,125, 52,192, 51,123, 41,141, 40,140, 98,102,127,  2,101, 82,134, 15,107, 28, 81]
[ 55, 24, 33, 18,111, 68,  6,  7, 49, 16, 21,163,188,145,108,178,182,139,171,175, 42,  7, 49, 16, 21,105,119, 12, 55, 24, 33, 18]
[ 22, 58, 63, 35, 20, 48, 78, 45, 95, 87, 77, 47,144,189,176,109,138,184,124,106,161, 45, 95, 87, 77, 25, 75, 32, 22, 58, 63, 35]
[114, 19, 39, 31,136, 54,120, 94, 85,  5, 74,154,137,126,166,153,180,167,156,190,179, 94, 85,  5, 74, 50, 72, 38,114, 19, 39, 31]
[ 17, 30,115, 60, 65,  3, 96,  1, 71, 86, 64,198, 23,174,117,197,133, 84, 99,128,132,  1, 71, 86, 64, 43, 36, 76, 17, 30,115, 60]
[ 10, 26, 53, 62, 70,  8, 93, 80, 37,104, 56,169,157,103,148,168,194,152,135, 61,193, 80, 37,104, 56, 66,130,  4, 10, 26, 53, 62]
[ 73, 46, 14, 89, 34, 29,122, 88, 11, 44, 69, 91,100,158, 67, 90,151,195, 13,146,150, 88, 11, 44, 69, 59,131,112, 73, 46, 14, 89]
[ 98,102,127,  2,101, 82,134, 15,107, 28, 81,181, 92, 27,196,118, 83,  9,121,113,147, 15,107, 28, 81,116, 79, 57, 98,102,127,  2]
[  7, 49, 16, 21,105,119, 12, 55, 24, 33, 18,111, 68,  6,  7, 49, 16, 21,105,119, 12, 55, 24, 33, 18,111, 68,  6,  7, 49, 16, 21]
[ 45, 95, 87, 77, 25, 75, 32, 22, 58, 63, 35, 20, 48, 78, 45, 95, 87, 77, 25, 75, 32, 22, 58, 63, 35, 20, 48, 78, 45, 95, 87, 77]
[ 94, 85,  5, 74, 50, 72, 38,114, 19, 39, 31,136, 54,120, 94, 85,  5, 74, 50, 72, 38,114, 19, 39, 31,136, 54,120, 94, 85,  5, 74]
[  1, 71, 86, 64, 43, 36, 76, 17, 30,115, 60, 65,  3, 96,  1, 71, 86, 64, 43, 36, 76, 17, 30,115, 60, 65,  3, 96,  1, 71, 86, 64]
[ 80, 37,104, 56, 66,130,  4, 10, 26, 53, 62, 70,  8, 93, 80, 37,104, 56, 66,130,  4, 10, 26, 53, 62, 70,  8, 93, 80, 37,104, 56]
[ 88, 11, 44, 69, 59,131,112, 73, 46, 14, 89, 34, 29,122, 88, 11, 44, 69, 59,131,112, 73, 46, 14, 89, 34, 29,122, 88, 11, 44, 69]
[ 15,107, 28, 81,116, 79, 57, 98,102,127,  2,101, 82,134, 15,107, 28, 81,116, 79, 57, 98,102,127,  2,101, 82,134, 15,107, 28, 81]
[ 55, 24, 33, 18,111, 68,  6,  7, 49, 16, 21,105,119, 12, 55, 24, 33, 18,111, 68,  6,  7, 49, 16, 21,105,119, 12, 55, 24, 33, 18]
[ 22, 58, 63, 35, 20, 48, 78, 45, 95, 87, 77, 25, 75, 32, 22, 58, 63, 35, 20, 48, 78, 45, 95, 87, 77, 25, 75, 32, 22, 58, 63, 35]
[114, 19, 39, 31,136, 54,120, 94, 85,  5, 74, 50, 72, 38,114, 19, 39, 31,136, 54,120, 94, 85,  5, 74, 50, 72, 38,114, 19, 39, 31]
[ 17, 30,115, 60, 65,  3, 96,  1, 71, 86, 64, 43, 36, 76, 17, 30,115, 60, 65,  3, 96,  1, 71, 86, 64, 43, 36, 76, 17, 30,115, 60]
