[d, p, q] = [29, 10, 19]
36,0,712,240,36
Degree Spatial distribution
[2, 2, 2, 2, 2, 2, 2, 2, 2, 2, 3, 3, 3, 2, 2, 2, 2, 2, 2, 3, 3, 3, 2, 2, 2, 2, 2, 2, 2, 2, 2, 2]
[2, 2, 2, 2, 2, 2, 2, 2, 2, 2, 3, 3, 3, 2, 2, 2, 2, 2, 2, 3, 3, 3, 2, 2, 2, 2, 2, 2, 2, 2, 2, 2]
[2, 2, 2, 2, 2, 2, 2, 2, 2, 2, 3, 3, 3, 2, 2, 2, 2, 2, 2, 3, 3, 3, 2, 2, 2, 2, 2, 2, 2, 2, 2, 2]
[2, 2, 2, 2, 2, 2, 2, 2, 2, 2, 3, 3, 3, 2, 2, 2, 2, 2, 2, 3, 3, 3, 2, 2, 2, 2, 2, 2, 2, 2, 2, 2]
[2, 2, 2, 2, 2, 2, 2, 2, 2, 2, 3, 3, 3, 2, 2, 2, 2, 2, 2, 3, 3, 3, 2, 2, 2, 2, 2, 2, 2, 2, 2, 2]
[2, 2, 2, 2, 2, 2, 2, 2, 2, 2, 3, 3, 3, 2, 2, 2, 2, 2, 2, 3, 3, 3, 2, 2, 2, 2, 2, 2, 2, 2, 2, 2]
[2, 2, 2, 2, 2, 2, 2, 2, 2, 2, 3, 3, 3, 2, 2, 2, 2, 2, 2, 3, 3, 3, 2, 2, 2, 2, 2, 2, 2, 2, 2, 2]
[2, 2, 2, 2, 2, 2, 2, 2, 2, 2, 3, 3, 3, 2, 2, 2, 2, 2, 2, 3, 3, 3, 2, 2, 2, 2, 2, 2, 2, 2, 2, 2]
[2, 2, 2, 2, 2, 2, 2, 2, 2, 2, 3, 3, 3, 2, 2, 2, 2, 2, 2, 3, 3, 3, 2, 2, 2, 2, 2, 2, 2, 2, 2, 2]
[2, 2, 2, 2, 2, 2, 2, 2, 2, 2, 3, 3, 3, 2, 2, 2, 2, 2, 2, 3, 3, 3, 2, 2, 2, 2, 2, 2, 2, 2, 2, 2]
[3, 3, 3, 3, 3, 3, 3, 3, 3, 3, 4, 4, 4, 2, 2, 2, 2, 2, 2, 4, 4, 4, 3, 3, 3, 3, 3, 3, 3, 3, 3, 3]
[3, 3, 3, 3, 3, 3, 3, 3, 3, 3, 4, 4, 4, 2, 2, 2, 2, 2, 2, 4, 4, 4, 3, 3, 3, 3, 3, 3, 3, 3, 3, 3]
[3, 3, 3, 3, 3, 3, 3, 3, 3, 3, 4, 4, 4, 2, 2, 2, 2, 2, 2, 4, 4, 4, 3, 3, 3, 3, 3, 3, 3, 3, 3, 3]
[2, 2, 2, 2, 2, 2, 2, 2, 2, 2, 2, 2, 2, 0, 0, 0, 0, 0, 0, 2, 2, 2, 2, 2, 2, 2, 2, 2, 2, 2, 2, 2]
[2, 2, 2, 2, 2, 2, 2, 2, 2, 2, 2, 2, 2, 0, 0, 0, 0, 0, 0, 2, 2, 2, 2, 2, 2, 2, 2, 2, 2, 2, 2, 2]
[2, 2, 2, 2, 2, 2, 2, 2, 2, 2, 2, 2, 2, 0, 0, 0, 0, 0, 0, 2, 2, 2, 2, 2, 2, 2, 2, 2, 2, 2, 2, 2]
[2, 2, 2, 2, 2, 2, 2, 2, 2, 2, 2, 2, 2, 0, 0, 0, 0, 0, 0, 2, 2, 2, 2, 2, 2, 2, 2, 2, 2, 2, 2, 2]
[2, 2, 2, 2, 2, 2, 2, 2, 2, 2, 2, 2, 2, 0, 0, 0, 0, 0, 0, 2, 2, 2, 2, 2, 2, 2, 2, 2, 2, 2, 2, 2]
[2, 2, 2, 2, 2, 2, 2, 2, 2, 2, 2, 2, 2, 0, 0, 0, 0, 0, 0, 2, 2, 2, 2, 2, 2, 2, 2, 2, 2, 2, 2, 2]
[3, 3, 3, 3, 3, 3, 3, 3, 3, 3, 4, 4, 4, 2, 2, 2, 2, 2, 2, 4, 4, 4, 3, 3, 3, 3, 3, 3, 3, 3, 3, 3]
[3, 3, 3, 3, 3, 3, 3, 3, 3, 3, 4, 4, 4, 2, 2, 2, 2, 2, 2, 4, 4, 4, 3, 3, 3, 3, 3, 3, 3, 3, 3, 3]
[3, 3, 3, 3, 3, 3, 3, 3, 3, 3, 4, 4, 4, 2, 2, 2, 2, 2, 2, 4, 4, 4, 3, 3, 3, 3, 3, 3, 3, 3, 3, 3]
[2, 2, 2, 2, 2, 2, 2, 2, 2, 2, 3, 3, 3, 2, 2, 2, 2, 2, 2, 3, 3, 3, 2, 2, 2, 2, 2, 2, 2, 2, 2, 2]
[2, 2, 2, 2, 2, 2, 2, 2, 2, 2, 3, 3, 3, 2, 2, 2, 2, 2, 2, 3, 3, 3, 2, 2, 2, 2, 2, 2, 2, 2, 2, 2]
[2, 2, 2, 2, 2, 2, 2, 2, 2, 2, 3, 3, 3, 2, 2, 2, 2, 2, 2, 3, 3, 3, 2, 2, 2, 2, 2, 2, 2, 2, 2, 2]
[2, 2, 2, 2, 2, 2, 2, 2, 2, 2, 3, 3, 3, 2, 2, 2, 2, 2, 2, 3, 3, 3, 2, 2, 2, 2, 2, 2, 2, 2, 2, 2]
[2, 2, 2, 2, 2, 2, 2, 2, 2, 2, 3, 3, 3, 2, 2, 2, 2, 2, 2, 3, 3, 3, 2, 2, 2, 2, 2, 2, 2, 2, 2, 2]
[2, 2, 2, 2, 2, 2, 2, 2, 2, 2, 3, 3, 3, 2, 2, 2, 2, 2, 2, 3, 3, 3, 2, 2, 2, 2, 2, 2, 2, 2, 2, 2]
[2, 2, 2, 2, 2, 2, 2, 2, 2, 2, 3, 3, 3, 2, 2, 2, 2, 2, 2, 3, 3, 3, 2, 2, 2, 2, 2, 2, 2, 2, 2, 2]
[2, 2, 2, 2, 2, 2, 2, 2, 2, 2, 3, 3, 3, 2, 2, 2, 2, 2, 2, 3, 3, 3, 2, 2, 2, 2, 2, 2, 2, 2, 2, 2]
[2, 2, 2, 2, 2, 2, 2, 2, 2, 2, 3, 3, 3, 2, 2, 2, 2, 2, 2, 3, 3, 3, 2, 2, 2, 2, 2, 2, 2, 2, 2, 2]
[2, 2, 2, 2, 2, 2, 2, 2, 2, 2, 3, 3, 3, 2, 2, 2, 2, 2, 2, 3, 3, 3, 2, 2, 2, 2, 2, 2, 2, 2, 2, 2]
Edges: 1144
Moves: 2288
Max Clique Size: 2
Number of Max Cliques: 1180
Number of Connected Components: 73
Connected Components Spatial Distribution
[ 2, 2, 2, 2, 2, 2, 2, 2, 2, 2, 2, 2, 2, 2, 2, 2, 2, 2, 2, 2, 2, 2, 2, 2, 2, 2, 2, 2, 2, 2, 2, 2]
[ 2, 2, 2, 2, 2, 2, 2, 2, 2, 2, 2, 2, 2, 2, 2, 2, 2, 2, 2, 2, 2, 2, 2, 2, 2, 2, 2, 2, 2, 2, 2, 2]
[ 2, 2, 2, 2, 2, 2, 2, 2, 2, 2, 2, 2, 2, 2, 2, 2, 2, 2, 2, 2, 2, 2, 2, 2, 2, 2, 2, 2, 2, 2, 2, 2]
[ 2, 2, 2,41,37, 9,11, 1,27, 2, 2, 2, 2, 2, 2, 2, 2, 2, 2, 2, 2, 2, 2,41,37, 9,11, 1,27, 2, 2, 2]
[ 2, 2, 2,36,28, 7,50,24,19, 2, 2, 2, 2,41,37, 9,11, 1,27, 2, 2, 2, 2,36,28, 7,50,24,19, 2, 2, 2]
[ 2, 2, 2,22,10,21, 8, 4, 6, 2, 2, 2, 2,36,28, 7,50,24,19, 2, 2, 2, 2,22,10,21, 8, 4, 6, 2, 2, 2]
[ 2, 2, 2, 5,34,33,15,18,42, 2, 2, 2, 2,22,10,21, 8, 4, 6, 2, 2, 2, 2, 5,34,33,15,18,42, 2, 2, 2]
[ 2, 2, 2,23,14,43,25,30,32, 2, 2, 2, 2, 5,34,33,15,18,42, 2, 2, 2, 2,23,14,43,25,30,32, 2, 2, 2]
[ 2, 2, 2,47,20,29, 3,13,49, 2, 2, 2, 2,23,14,43,25,30,32, 2, 2, 2, 2,47,20,29, 3,13,49, 2, 2, 2]
[ 2, 2, 2, 2, 2, 2, 2, 2, 2, 2, 2, 2, 2,47,20,29, 3,13,49, 2, 2, 2, 2, 2, 2, 2, 2, 2, 2, 2, 2, 2]
[ 2, 2, 2, 2, 2, 2, 2, 2, 2, 2, 2, 2, 2, 2, 2, 2, 2, 2, 2, 2, 2, 2, 2, 2, 2, 2, 2, 2, 2, 2, 2, 2]
[ 2, 2, 2, 2, 2, 2, 2, 2, 2, 2, 2, 2, 2, 2, 2, 2, 2, 2, 2, 2, 2, 2, 2, 2, 2, 2, 2, 2, 2, 2, 2, 2]
[ 2, 2, 2, 2, 2, 2, 2, 2, 2, 2, 2, 2, 2, 2, 2, 2, 2, 2, 2, 2, 2, 2, 2, 2, 2, 2, 2, 2, 2, 2, 2, 2]
[ 2, 2, 2, 2,41,37, 9,11, 1,27, 2, 2, 2,17,71,16,44,12,54, 2, 2, 2,41,37, 9,11, 1,27, 2, 2, 2, 2]
[ 2, 2, 2, 2,36,28, 7,50,24,19, 2, 2, 2,55,38,66,68,53,63, 2, 2, 2,36,28, 7,50,24,19, 2, 2, 2, 2]
[ 2, 2, 2, 2,22,10,21, 8, 4, 6, 2, 2, 2,70,65,39,52,69,45, 2, 2, 2,22,10,21, 8, 4, 6, 2, 2, 2, 2]
[ 2, 2, 2, 2, 5,34,33,15,18,42, 2, 2, 2,46,60,58,67,61,59, 2, 2, 2, 5,34,33,15,18,42, 2, 2, 2, 2]
[ 2, 2, 2, 2,23,14,43,25,30,32, 2, 2, 2,64,40,73,48,26,31, 2, 2, 2,23,14,43,25,30,32, 2, 2, 2, 2]
[ 2, 2, 2, 2,47,20,29, 3,13,49, 2, 2, 2,35,56,62,72,57,51, 2, 2, 2,47,20,29, 3,13,49, 2, 2, 2, 2]
[ 2, 2, 2, 2, 2, 2, 2, 2, 2, 2, 2, 2, 2, 2, 2, 2, 2, 2, 2, 2, 2, 2, 2, 2, 2, 2, 2, 2, 2, 2, 2, 2]
[ 2, 2, 2, 2, 2, 2, 2, 2, 2, 2, 2, 2, 2, 2, 2, 2, 2, 2, 2, 2, 2, 2, 2, 2, 2, 2, 2, 2, 2, 2, 2, 2]
[ 2, 2, 2, 2, 2, 2, 2, 2, 2, 2, 2, 2, 2, 2, 2, 2, 2, 2, 2, 2, 2, 2, 2, 2, 2, 2, 2, 2, 2, 2, 2, 2]
[ 2, 2, 2, 2, 2, 2, 2, 2, 2, 2, 2, 2, 2,41,37, 9,11, 1,27, 2, 2, 2, 2, 2, 2, 2, 2, 2, 2, 2, 2, 2]
[ 2, 2, 2,41,37, 9,11, 1,27, 2, 2, 2, 2,36,28, 7,50,24,19, 2, 2, 2, 2,41,37, 9,11, 1,27, 2, 2, 2]
[ 2, 2, 2,36,28, 7,50,24,19, 2, 2, 2, 2,22,10,21, 8, 4, 6, 2, 2, 2, 2,36,28, 7,50,24,19, 2, 2, 2]
[ 2, 2, 2,22,10,21, 8, 4, 6, 2, 2, 2, 2, 5,34,33,15,18,42, 2, 2, 2, 2,22,10,21, 8, 4, 6, 2, 2, 2]
[ 2, 2, 2, 5,34,33,15,18,42, 2, 2, 2, 2,23,14,43,25,30,32, 2, 2, 2, 2, 5,34,33,15,18,42, 2, 2, 2]
[ 2, 2, 2,23,14,43,25,30,32, 2, 2, 2, 2,47,20,29, 3,13,49, 2, 2, 2, 2,23,14,43,25,30,32, 2, 2, 2]
[ 2, 2, 2,47,20,29, 3,13,49, 2, 2, 2, 2, 2, 2, 2, 2, 2, 2, 2, 2, 2, 2,47,20,29, 3,13,49, 2, 2, 2]
[ 2, 2, 2, 2, 2, 2, 2, 2, 2, 2, 2, 2, 2, 2, 2, 2, 2, 2, 2, 2, 2, 2, 2, 2, 2, 2, 2, 2, 2, 2, 2, 2]
[ 2, 2, 2, 2, 2, 2, 2, 2, 2, 2, 2, 2, 2, 2, 2, 2, 2, 2, 2, 2, 2, 2, 2, 2, 2, 2, 2, 2, 2, 2, 2, 2]
[ 2, 2, 2, 2, 2, 2, 2, 2, 2, 2, 2, 2, 2, 2, 2, 2, 2, 2, 2, 2, 2, 2, 2, 2, 2, 2, 2, 2, 2, 2, 2, 2]
