[d, p, q] = [29, 1, 28]
576,0,388,24,36
Degree Spatial distribution
[2, 3, 3, 3, 2, 2, 2, 2, 2, 2, 2, 2, 2, 2, 2, 2, 2, 2, 2, 2, 2, 2, 2, 2, 2, 2, 2, 2, 3, 3, 3, 2]
[3, 4, 4, 4, 2, 2, 2, 2, 2, 2, 2, 2, 2, 2, 2, 2, 2, 2, 2, 2, 2, 2, 2, 2, 2, 2, 2, 2, 4, 4, 4, 3]
[3, 4, 4, 4, 2, 2, 2, 2, 2, 2, 2, 2, 2, 2, 2, 2, 2, 2, 2, 2, 2, 2, 2, 2, 2, 2, 2, 2, 4, 4, 4, 3]
[3, 4, 4, 4, 2, 2, 2, 2, 2, 2, 2, 2, 2, 2, 2, 2, 2, 2, 2, 2, 2, 2, 2, 2, 2, 2, 2, 2, 4, 4, 4, 3]
[2, 2, 2, 2, 0, 0, 0, 0, 0, 0, 0, 0, 0, 0, 0, 0, 0, 0, 0, 0, 0, 0, 0, 0, 0, 0, 0, 0, 2, 2, 2, 2]
[2, 2, 2, 2, 0, 0, 0, 0, 0, 0, 0, 0, 0, 0, 0, 0, 0, 0, 0, 0, 0, 0, 0, 0, 0, 0, 0, 0, 2, 2, 2, 2]
[2, 2, 2, 2, 0, 0, 0, 0, 0, 0, 0, 0, 0, 0, 0, 0, 0, 0, 0, 0, 0, 0, 0, 0, 0, 0, 0, 0, 2, 2, 2, 2]
[2, 2, 2, 2, 0, 0, 0, 0, 0, 0, 0, 0, 0, 0, 0, 0, 0, 0, 0, 0, 0, 0, 0, 0, 0, 0, 0, 0, 2, 2, 2, 2]
[2, 2, 2, 2, 0, 0, 0, 0, 0, 0, 0, 0, 0, 0, 0, 0, 0, 0, 0, 0, 0, 0, 0, 0, 0, 0, 0, 0, 2, 2, 2, 2]
[2, 2, 2, 2, 0, 0, 0, 0, 0, 0, 0, 0, 0, 0, 0, 0, 0, 0, 0, 0, 0, 0, 0, 0, 0, 0, 0, 0, 2, 2, 2, 2]
[2, 2, 2, 2, 0, 0, 0, 0, 0, 0, 0, 0, 0, 0, 0, 0, 0, 0, 0, 0, 0, 0, 0, 0, 0, 0, 0, 0, 2, 2, 2, 2]
[2, 2, 2, 2, 0, 0, 0, 0, 0, 0, 0, 0, 0, 0, 0, 0, 0, 0, 0, 0, 0, 0, 0, 0, 0, 0, 0, 0, 2, 2, 2, 2]
[2, 2, 2, 2, 0, 0, 0, 0, 0, 0, 0, 0, 0, 0, 0, 0, 0, 0, 0, 0, 0, 0, 0, 0, 0, 0, 0, 0, 2, 2, 2, 2]
[2, 2, 2, 2, 0, 0, 0, 0, 0, 0, 0, 0, 0, 0, 0, 0, 0, 0, 0, 0, 0, 0, 0, 0, 0, 0, 0, 0, 2, 2, 2, 2]
[2, 2, 2, 2, 0, 0, 0, 0, 0, 0, 0, 0, 0, 0, 0, 0, 0, 0, 0, 0, 0, 0, 0, 0, 0, 0, 0, 0, 2, 2, 2, 2]
[2, 2, 2, 2, 0, 0, 0, 0, 0, 0, 0, 0, 0, 0, 0, 0, 0, 0, 0, 0, 0, 0, 0, 0, 0, 0, 0, 0, 2, 2, 2, 2]
[2, 2, 2, 2, 0, 0, 0, 0, 0, 0, 0, 0, 0, 0, 0, 0, 0, 0, 0, 0, 0, 0, 0, 0, 0, 0, 0, 0, 2, 2, 2, 2]
[2, 2, 2, 2, 0, 0, 0, 0, 0, 0, 0, 0, 0, 0, 0, 0, 0, 0, 0, 0, 0, 0, 0, 0, 0, 0, 0, 0, 2, 2, 2, 2]
[2, 2, 2, 2, 0, 0, 0, 0, 0, 0, 0, 0, 0, 0, 0, 0, 0, 0, 0, 0, 0, 0, 0, 0, 0, 0, 0, 0, 2, 2, 2, 2]
[2, 2, 2, 2, 0, 0, 0, 0, 0, 0, 0, 0, 0, 0, 0, 0, 0, 0, 0, 0, 0, 0, 0, 0, 0, 0, 0, 0, 2, 2, 2, 2]
[2, 2, 2, 2, 0, 0, 0, 0, 0, 0, 0, 0, 0, 0, 0, 0, 0, 0, 0, 0, 0, 0, 0, 0, 0, 0, 0, 0, 2, 2, 2, 2]
[2, 2, 2, 2, 0, 0, 0, 0, 0, 0, 0, 0, 0, 0, 0, 0, 0, 0, 0, 0, 0, 0, 0, 0, 0, 0, 0, 0, 2, 2, 2, 2]
[2, 2, 2, 2, 0, 0, 0, 0, 0, 0, 0, 0, 0, 0, 0, 0, 0, 0, 0, 0, 0, 0, 0, 0, 0, 0, 0, 0, 2, 2, 2, 2]
[2, 2, 2, 2, 0, 0, 0, 0, 0, 0, 0, 0, 0, 0, 0, 0, 0, 0, 0, 0, 0, 0, 0, 0, 0, 0, 0, 0, 2, 2, 2, 2]
[2, 2, 2, 2, 0, 0, 0, 0, 0, 0, 0, 0, 0, 0, 0, 0, 0, 0, 0, 0, 0, 0, 0, 0, 0, 0, 0, 0, 2, 2, 2, 2]
[2, 2, 2, 2, 0, 0, 0, 0, 0, 0, 0, 0, 0, 0, 0, 0, 0, 0, 0, 0, 0, 0, 0, 0, 0, 0, 0, 0, 2, 2, 2, 2]
[2, 2, 2, 2, 0, 0, 0, 0, 0, 0, 0, 0, 0, 0, 0, 0, 0, 0, 0, 0, 0, 0, 0, 0, 0, 0, 0, 0, 2, 2, 2, 2]
[2, 2, 2, 2, 0, 0, 0, 0, 0, 0, 0, 0, 0, 0, 0, 0, 0, 0, 0, 0, 0, 0, 0, 0, 0, 0, 0, 0, 2, 2, 2, 2]
[3, 4, 4, 4, 2, 2, 2, 2, 2, 2, 2, 2, 2, 2, 2, 2, 2, 2, 2, 2, 2, 2, 2, 2, 2, 2, 2, 2, 4, 4, 4, 3]
[3, 4, 4, 4, 2, 2, 2, 2, 2, 2, 2, 2, 2, 2, 2, 2, 2, 2, 2, 2, 2, 2, 2, 2, 2, 2, 2, 2, 4, 4, 4, 3]
[3, 4, 4, 4, 2, 2, 2, 2, 2, 2, 2, 2, 2, 2, 2, 2, 2, 2, 2, 2, 2, 2, 2, 2, 2, 2, 2, 2, 4, 4, 4, 3]
[2, 3, 3, 3, 2, 2, 2, 2, 2, 2, 2, 2, 2, 2, 2, 2, 2, 2, 2, 2, 2, 2, 2, 2, 2, 2, 2, 2, 3, 3, 3, 2]
Edges: 496
Moves: 992
Max Clique Size: 2
Number of Max Cliques: 1072
Number of Connected Components: 577
Connected Components Spatial Distribution
[  1,  1,  1,  1,  1,  1,  1,  1,  1,  1,  1,  1,  1,  1,  1,  1,  1,  1,  1,  1,  1,  1,  1,  1,  1,  1,  1,  1,  1,  1,  1,  1]
[  1,  1,  1,  1,  1,  1,  1,  1,  1,  1,  1,  1,  1,  1,  1,  1,  1,  1,  1,  1,  1,  1,  1,  1,  1,  1,  1,  1,  1,  1,  1,  1]
[  1,  1,  1,  1,  1,  1,  1,  1,  1,  1,  1,  1,  1,  1,  1,  1,  1,  1,  1,  1,  1,  1,  1,  1,  1,  1,  1,  1,  1,  1,  1,  1]
[  1,  1,  1,  1,  1,  1,  1,  1,  1,  1,  1,  1,  1,  1,  1,  1,  1,  1,  1,  1,  1,  1,  1,  1,  1,  1,  1,  1,  1,  1,  1,  1]
[  1,  1,  1,  1,272,205,492, 74,262,194,356, 61,222,157,446, 18,206,146,302,  4,169,103,399,542,158, 89,249,531,  1,  1,  1,  1]
[  1,  1,  1,  1, 21,451,251,324, 12,441,107,309,548,407,199,268,532,395, 54,255,496,352,150,216,488,340,576,204,  1,  1,  1,  1]
[  1,  1,  1,  1,366,118,409,164,353,106,263,152,313, 68,360,114,296, 51,211, 97,258, 11,305, 58,245,574,160, 46,  1,  1,  1,  1]
[  1,  1,  1,  1,117,367,162,412,104,355, 13,401, 64,317,111,363, 48,299,537,346,  8,261, 57,306,571,248,491,295,  1,  1,  1,  1]
[  1,  1,  1,  1,230,161,533,479,439,378,307,109, 41,552, 40,551,254,187,123,186,122, 55,440,379,337,267,203,577,  1,  1,  1,  1]
[  1,  1,  1,  1,555,408,297,147,192, 33, 59,358,386,226,385,225,  3,434,456,433,455,303,193, 34, 86,504,530,250,  1,  1,  1,  1]
[  1,  1,  1,  1,320, 71,452,559,519,285,217,197,134,471,526, 67,344, 98, 28,276,210,539,354,461,423,178,116, 91,  1,  1,  1,  1]
[  1,  1,  1,  1, 70,321,207,234,283,521,543,444,467,138,290,316, 94,347,373,512,536,213,105,128,175,426,450,342,  1,  1,  1,  1]
[  1,  1,  1,  1, 47,556,143,300, 31,541,129,288,447,389,221,388,430,370,517,369,516,458, 32,195,502,448, 20,180,  1,  1,  1,  1]
[  1,  1,  1,  1,392,231,476,535,376,215,462,524,200, 44,547, 43,183, 25,281, 24,280,125,377,442,265,113,365,428,  1,  1,  1,  1]
[  1,  1,  1,  1,141,475, 49,396,126,460, 35,382,527,293,133,470,510,277,437,453, 27,375,520,286, 15,362,506,271,  1,  1,  1,  1]
[  1,  1,  1,  1,474,142,393, 52,459,127,380, 37,291,529,466,137,274,513,190,120,372, 30,284,522,359, 17,270,507,  1,  1,  1,  1]
[  1,  1,  1,  1,322,252,184,121,523,464,404,335,266,202,403,334,481,417,350,534,480,416,349,282,110, 42,554,490,  1,  1,  1,  1]
[  1,  1,  1,  1, 72,493,511,371,287,131,155,569, 16,449,154,568,237, 79,101,208,236, 78,100,518,445,292,319,159,  1,  1,  1,  1]
[  1,  1,  1,  1,410,165, 95,209, 36,383,314,422,361,115,312,421,562,330,259, 50,561,329,257,374,198,528,472,573,  1,  1,  1,  1]
[  1,  1,  1,  1,163,413,431,454,381, 38, 65, 84,112,364, 63, 83,327,564,  9,298,326,563,  7, 29,525,201,228,247,  1,  1,  1,  1]
[  1,  1,  1,  1,144, 75,368,514,130, 62,223,501, 87, 19,567,156, 76,  5,170,145,301,238,515,102,289,224,390, 88,  1,  1,  1,  1]
[  1,  1,  1,  1,477,325,119,188,463,310,549,174,424,269,333,406,414,256,497,394, 53,482,279,351, 39,469,139,339,  1,  1,  1,  1]
[  1,  1,  1,  1,232,560,275, 26,218,545,135, 14,176,505,486,243,166,495, 80,233,397,149,436,191,384,136,294,177,  1,  1,  1,  1]
[  1,  1,  1,  1,557,235, 23,278,544,219,468,264,503,179,242,487,494,168,418,478,148,398,189,438,132,387, 45,425,  1,  1,  1,  1]
[  1,  1,  1,  1, 92, 22,415,348,308,241,173,553,489,427,172,108,124, 56,566,323,253,185,565,498,465,405,336,140,  1,  1,  1,  1]
[  1,  1,  1,  1,429,273,167,  6, 60,485,500,227,246, 90,499,357,457,304,332,558,  2,432,331,171,220, 66, 85,391,  1,  1,  1,  1]
[  1,  1,  1,  1,181,509,328,435,400,153, 82, 69,572,341, 81,196,212,540,484,411,343, 96,483, 10,546,315,244,229,  1,  1,  1,  1]
[  1,  1,  1,  1,508,182, 77, 99,151,402,420,318,338,575,419,443,538,214,240, 73, 93,345,239,260,311,550,570,473,  1,  1,  1,  1]
[  1,  1,  1,  1,  1,  1,  1,  1,  1,  1,  1,  1,  1,  1,  1,  1,  1,  1,  1,  1,  1,  1,  1,  1,  1,  1,  1,  1,  1,  1,  1,  1]
[  1,  1,  1,  1,  1,  1,  1,  1,  1,  1,  1,  1,  1,  1,  1,  1,  1,  1,  1,  1,  1,  1,  1,  1,  1,  1,  1,  1,  1,  1,  1,  1]
[  1,  1,  1,  1,  1,  1,  1,  1,  1,  1,  1,  1,  1,  1,  1,  1,  1,  1,  1,  1,  1,  1,  1,  1,  1,  1,  1,  1,  1,  1,  1,  1]
[  1,  1,  1,  1,  1,  1,  1,  1,  1,  1,  1,  1,  1,  1,  1,  1,  1,  1,  1,  1,  1,  1,  1,  1,  1,  1,  1,  1,  1,  1,  1,  1]
