[d, p, q] = [30, 1, 29]
676,0,316,16,16
Degree Spatial distribution
[2, 3, 3, 2, 2, 2, 2, 2, 2, 2, 2, 2, 2, 2, 2, 2, 2, 2, 2, 2, 2, 2, 2, 2, 2, 2, 2, 2, 2, 3, 3, 2]
[3, 4, 4, 2, 2, 2, 2, 2, 2, 2, 2, 2, 2, 2, 2, 2, 2, 2, 2, 2, 2, 2, 2, 2, 2, 2, 2, 2, 2, 4, 4, 3]
[3, 4, 4, 2, 2, 2, 2, 2, 2, 2, 2, 2, 2, 2, 2, 2, 2, 2, 2, 2, 2, 2, 2, 2, 2, 2, 2, 2, 2, 4, 4, 3]
[2, 2, 2, 0, 0, 0, 0, 0, 0, 0, 0, 0, 0, 0, 0, 0, 0, 0, 0, 0, 0, 0, 0, 0, 0, 0, 0, 0, 0, 2, 2, 2]
[2, 2, 2, 0, 0, 0, 0, 0, 0, 0, 0, 0, 0, 0, 0, 0, 0, 0, 0, 0, 0, 0, 0, 0, 0, 0, 0, 0, 0, 2, 2, 2]
[2, 2, 2, 0, 0, 0, 0, 0, 0, 0, 0, 0, 0, 0, 0, 0, 0, 0, 0, 0, 0, 0, 0, 0, 0, 0, 0, 0, 0, 2, 2, 2]
[2, 2, 2, 0, 0, 0, 0, 0, 0, 0, 0, 0, 0, 0, 0, 0, 0, 0, 0, 0, 0, 0, 0, 0, 0, 0, 0, 0, 0, 2, 2, 2]
[2, 2, 2, 0, 0, 0, 0, 0, 0, 0, 0, 0, 0, 0, 0, 0, 0, 0, 0, 0, 0, 0, 0, 0, 0, 0, 0, 0, 0, 2, 2, 2]
[2, 2, 2, 0, 0, 0, 0, 0, 0, 0, 0, 0, 0, 0, 0, 0, 0, 0, 0, 0, 0, 0, 0, 0, 0, 0, 0, 0, 0, 2, 2, 2]
[2, 2, 2, 0, 0, 0, 0, 0, 0, 0, 0, 0, 0, 0, 0, 0, 0, 0, 0, 0, 0, 0, 0, 0, 0, 0, 0, 0, 0, 2, 2, 2]
[2, 2, 2, 0, 0, 0, 0, 0, 0, 0, 0, 0, 0, 0, 0, 0, 0, 0, 0, 0, 0, 0, 0, 0, 0, 0, 0, 0, 0, 2, 2, 2]
[2, 2, 2, 0, 0, 0, 0, 0, 0, 0, 0, 0, 0, 0, 0, 0, 0, 0, 0, 0, 0, 0, 0, 0, 0, 0, 0, 0, 0, 2, 2, 2]
[2, 2, 2, 0, 0, 0, 0, 0, 0, 0, 0, 0, 0, 0, 0, 0, 0, 0, 0, 0, 0, 0, 0, 0, 0, 0, 0, 0, 0, 2, 2, 2]
[2, 2, 2, 0, 0, 0, 0, 0, 0, 0, 0, 0, 0, 0, 0, 0, 0, 0, 0, 0, 0, 0, 0, 0, 0, 0, 0, 0, 0, 2, 2, 2]
[2, 2, 2, 0, 0, 0, 0, 0, 0, 0, 0, 0, 0, 0, 0, 0, 0, 0, 0, 0, 0, 0, 0, 0, 0, 0, 0, 0, 0, 2, 2, 2]
[2, 2, 2, 0, 0, 0, 0, 0, 0, 0, 0, 0, 0, 0, 0, 0, 0, 0, 0, 0, 0, 0, 0, 0, 0, 0, 0, 0, 0, 2, 2, 2]
[2, 2, 2, 0, 0, 0, 0, 0, 0, 0, 0, 0, 0, 0, 0, 0, 0, 0, 0, 0, 0, 0, 0, 0, 0, 0, 0, 0, 0, 2, 2, 2]
[2, 2, 2, 0, 0, 0, 0, 0, 0, 0, 0, 0, 0, 0, 0, 0, 0, 0, 0, 0, 0, 0, 0, 0, 0, 0, 0, 0, 0, 2, 2, 2]
[2, 2, 2, 0, 0, 0, 0, 0, 0, 0, 0, 0, 0, 0, 0, 0, 0, 0, 0, 0, 0, 0, 0, 0, 0, 0, 0, 0, 0, 2, 2, 2]
[2, 2, 2, 0, 0, 0, 0, 0, 0, 0, 0, 0, 0, 0, 0, 0, 0, 0, 0, 0, 0, 0, 0, 0, 0, 0, 0, 0, 0, 2, 2, 2]
[2, 2, 2, 0, 0, 0, 0, 0, 0, 0, 0, 0, 0, 0, 0, 0, 0, 0, 0, 0, 0, 0, 0, 0, 0, 0, 0, 0, 0, 2, 2, 2]
[2, 2, 2, 0, 0, 0, 0, 0, 0, 0, 0, 0, 0, 0, 0, 0, 0, 0, 0, 0, 0, 0, 0, 0, 0, 0, 0, 0, 0, 2, 2, 2]
[2, 2, 2, 0, 0, 0, 0, 0, 0, 0, 0, 0, 0, 0, 0, 0, 0, 0, 0, 0, 0, 0, 0, 0, 0, 0, 0, 0, 0, 2, 2, 2]
[2, 2, 2, 0, 0, 0, 0, 0, 0, 0, 0, 0, 0, 0, 0, 0, 0, 0, 0, 0, 0, 0, 0, 0, 0, 0, 0, 0, 0, 2, 2, 2]
[2, 2, 2, 0, 0, 0, 0, 0, 0, 0, 0, 0, 0, 0, 0, 0, 0, 0, 0, 0, 0, 0, 0, 0, 0, 0, 0, 0, 0, 2, 2, 2]
[2, 2, 2, 0, 0, 0, 0, 0, 0, 0, 0, 0, 0, 0, 0, 0, 0, 0, 0, 0, 0, 0, 0, 0, 0, 0, 0, 0, 0, 2, 2, 2]
[2, 2, 2, 0, 0, 0, 0, 0, 0, 0, 0, 0, 0, 0, 0, 0, 0, 0, 0, 0, 0, 0, 0, 0, 0, 0, 0, 0, 0, 2, 2, 2]
[2, 2, 2, 0, 0, 0, 0, 0, 0, 0, 0, 0, 0, 0, 0, 0, 0, 0, 0, 0, 0, 0, 0, 0, 0, 0, 0, 0, 0, 2, 2, 2]
[2, 2, 2, 0, 0, 0, 0, 0, 0, 0, 0, 0, 0, 0, 0, 0, 0, 0, 0, 0, 0, 0, 0, 0, 0, 0, 0, 0, 0, 2, 2, 2]
[3, 4, 4, 2, 2, 2, 2, 2, 2, 2, 2, 2, 2, 2, 2, 2, 2, 2, 2, 2, 2, 2, 2, 2, 2, 2, 2, 2, 2, 4, 4, 3]
[3, 4, 4, 2, 2, 2, 2, 2, 2, 2, 2, 2, 2, 2, 2, 2, 2, 2, 2, 2, 2, 2, 2, 2, 2, 2, 2, 2, 2, 4, 4, 3]
[2, 3, 3, 2, 2, 2, 2, 2, 2, 2, 2, 2, 2, 2, 2, 2, 2, 2, 2, 2, 2, 2, 2, 2, 2, 2, 2, 2, 2, 3, 3, 2]
Edges: 372
Moves: 744
Max Clique Size: 2
Number of Max Cliques: 1048
Number of Connected Components: 678
Connected Components Spatial Distribution
[  3,  2,  3,  2,  3,  2,  3,  2,  3,  2,  3,  2,  3,  2,  3,  2,  3,  2,  3,  2,  3,  2,  3,  2,  3,  2,  3,  2,  3,  2,  3,  2]
[  2,  3,  2,  3,  2,  3,  2,  3,  2,  3,  2,  3,  2,  3,  2,  3,  2,  3,  2,  3,  2,  3,  2,  3,  2,  3,  2,  3,  2,  3,  2,  3]
[  3,  2,  3,  2,  3,  2,  3,  2,  3,  2,  3,  2,  3,  2,  3,  2,  3,  2,  3,  2,  3,  2,  3,  2,  3,  2,  3,  2,  3,  2,  3,  2]
[  2,  3,  2,317,345,626,654,  1,585,202,230,256,284,569,591,620,526,139,171,195,223,510,535,564,472, 78,104,133,162,  3,  2,  3]
[  3,  2,  3,132,319,242,576, 85,307,228,415, 68,260,180,518, 22,243,168,352,  8,199,118,462,637,183,101,293,624,135,  2,  3,  2]
[  2,  3,  2,425, 25,525,296,378, 16,513,122,360,643,471,234,313,627,458, 61,300,582,410,173,253,570,395,677,240,524,  3,  2,  3]
[  3,  2,  3,239,426,136,476,191,411,121,308,175,364, 76,419,129,346, 58,248,112,303, 15,356, 65,287,674,186, 52,241,  2,  3,  2]
[  2,  3,  2,523,134,428,189,479,119,413, 17,465, 72,368,126,422, 55,349,632,404, 12,306, 64,357,671,290,574,344,625,  3,  2,  3]
[  3,  2,  3,343,269,187,628,558,511,439,358,124, 46,647, 45,646,299,220,142,219,141, 62,512,440,392,312,238,678,599,  2,  3,  2]
[  2,  3,  2,623,651,474,347,169,226, 38, 66,417,447,264,446,263,  5,505,531,504,530,354,227, 39, 98,593,622,295,320,  3,  2,  3]
[  3,  2,  3,452,373, 81,527,657,610,333,254,232,153,547,617, 75,402,113, 33,324,247,634,412,537,491,209,131,105, 26,  2,  3,  2]
[  2,  3,  2, 51, 79,374,244,274,331,612,638,516,543,157,338,367,109,405,434,603,631,250,120,147,206,494,522,399,427,  3,  2,  3]
[  3,  2,  3,549, 53,652,165,350, 36,636,148,336,519,450,259,449,501,431,608,430,607,533, 37,229,590,520, 24,212,400,  2,  3,  2]
[  2,  3,  2,159,454,270,555,630,437,252,538,615,235, 49,642, 48,216, 30,329, 29,328,144,438,514,310,128,424,497,107,  3,  2,  3]
[  3,  2,  3,650,161,553, 56,459,145,536, 40,443,618,341,152,546,601,325,508,528, 32,436,611,334, 19,421,596,318,499,  2,  3,  2]
[  2,  3,  2,267,551,163,456, 59,534,146,441, 42,339,621,542,156,322,604,224,138,433, 35,332,613,418, 21,316,597,214,  3,  2,  3]
[  3,  2,  3,455,376,297,217,140,614,540,468,390,311,237,467,389,560,484,408,629,559,483,407,330,125, 47,649,572,496,  2,  3,  2]
[  2,  3,  2, 54, 83,579,602,432,335,150,178,669, 20,521,177,668,277, 91,116,245,276, 90,115,609,517,340,370,184,211,  3,  2,  3]
[  3,  2,  3,554,477,192,110,246, 41,444,365,490,420,130,363,489,660,384,304, 57,659,383,302,435,233,619,548,673,595,  2,  3,  2]
[  2,  3,  2,164,190,480,502,529,442, 43, 73, 96,127,423, 71, 95,381,662, 13,348,380,661, 11, 34,616,236,266,289,315,  3,  2,  3]
[  3,  2,  3,653,166, 86,429,605,149, 69,261,589, 99, 23,665,179, 88,  9,200,167,351,278,606,117,337,262,451,100,292,  2,  3,  2]
[  2,  3,  2,271,556,379,137,221,539,361,644,205,492,314,388,470,481,301,583,457, 60,561,327,409, 44,545,158,394,676,  3,  2,  3]
[  3,  2,  3, 82,272,658,323, 31,255,640,154, 18,207,594,567,285,193,581, 92,273,460,172,507,225,445,155,342,208,397,  2,  3,  2]
[  2,  3,  2,375,655,275, 28,326,639,257,544,309,592,210,283,568,580,196,485,557,170,461,222,509,151,448, 50,493,103,  3,  2,  3]
[  3,  2,  3,188,106, 27,482,406,359,282,204,648,571,495,203,123,143, 63,664,377,298,218,663,584,541,469,391,160, 80,  2,  3,  2]
[  2,  3,  2,475,498,321,194, 10, 67,566,587,265,288,102,586,416,532,355,386,656,  4,503,385,201,258, 74, 97,453,473,  3,  2,  3]
[  3,  2,  3,294,213,600,382,506,464,176, 94, 77,672,396, 93,231,249,635,563,478,401,111,562, 14,641,366,286,268,185,  2,  3,  2]
[  2,  3,  2,575,598,215, 89,114,174,466,488,369,393,675,487,515,633,251,281, 84,108,403,280,305,362,645,670,550,573,  3,  2,  3]
[  3,  2,  3,398,577,500,  6,197,565,486,666,181,371,291,414,588,353,279,463,578, 87,  7,198,387, 70,667,182,372,552,  2,  3,  2]
[  2,  3,  2,  3,  2,  3,  2,  3,  2,  3,  2,  3,  2,  3,  2,  3,  2,  3,  2,  3,  2,  3,  2,  3,  2,  3,  2,  3,  2,  3,  2,  3]
[  3,  2,  3,  2,  3,  2,  3,  2,  3,  2,  3,  2,  3,  2,  3,  2,  3,  2,  3,  2,  3,  2,  3,  2,  3,  2,  3,  2,  3,  2,  3,  2]
[  2,  3,  2,  3,  2,  3,  2,  3,  2,  3,  2,  3,  2,  3,  2,  3,  2,  3,  2,  3,  2,  3,  2,  3,  2,  3,  2,  3,  2,  3,  2,  3]
