[d, p, q] = [30, 11, 19]
36,0,796,176,16
Degree Spatial distribution
[2, 2, 2, 2, 2, 2, 2, 2, 2, 2, 2, 3, 3, 2, 2, 2, 2, 2, 2, 3, 3, 2, 2, 2, 2, 2, 2, 2, 2, 2, 2, 2]
[2, 2, 2, 2, 2, 2, 2, 2, 2, 2, 2, 3, 3, 2, 2, 2, 2, 2, 2, 3, 3, 2, 2, 2, 2, 2, 2, 2, 2, 2, 2, 2]
[2, 2, 2, 2, 2, 2, 2, 2, 2, 2, 2, 3, 3, 2, 2, 2, 2, 2, 2, 3, 3, 2, 2, 2, 2, 2, 2, 2, 2, 2, 2, 2]
[2, 2, 2, 2, 2, 2, 2, 2, 2, 2, 2, 3, 3, 2, 2, 2, 2, 2, 2, 3, 3, 2, 2, 2, 2, 2, 2, 2, 2, 2, 2, 2]
[2, 2, 2, 2, 2, 2, 2, 2, 2, 2, 2, 3, 3, 2, 2, 2, 2, 2, 2, 3, 3, 2, 2, 2, 2, 2, 2, 2, 2, 2, 2, 2]
[2, 2, 2, 2, 2, 2, 2, 2, 2, 2, 2, 3, 3, 2, 2, 2, 2, 2, 2, 3, 3, 2, 2, 2, 2, 2, 2, 2, 2, 2, 2, 2]
[2, 2, 2, 2, 2, 2, 2, 2, 2, 2, 2, 3, 3, 2, 2, 2, 2, 2, 2, 3, 3, 2, 2, 2, 2, 2, 2, 2, 2, 2, 2, 2]
[2, 2, 2, 2, 2, 2, 2, 2, 2, 2, 2, 3, 3, 2, 2, 2, 2, 2, 2, 3, 3, 2, 2, 2, 2, 2, 2, 2, 2, 2, 2, 2]
[2, 2, 2, 2, 2, 2, 2, 2, 2, 2, 2, 3, 3, 2, 2, 2, 2, 2, 2, 3, 3, 2, 2, 2, 2, 2, 2, 2, 2, 2, 2, 2]
[2, 2, 2, 2, 2, 2, 2, 2, 2, 2, 2, 3, 3, 2, 2, 2, 2, 2, 2, 3, 3, 2, 2, 2, 2, 2, 2, 2, 2, 2, 2, 2]
[2, 2, 2, 2, 2, 2, 2, 2, 2, 2, 2, 3, 3, 2, 2, 2, 2, 2, 2, 3, 3, 2, 2, 2, 2, 2, 2, 2, 2, 2, 2, 2]
[3, 3, 3, 3, 3, 3, 3, 3, 3, 3, 3, 4, 4, 2, 2, 2, 2, 2, 2, 4, 4, 3, 3, 3, 3, 3, 3, 3, 3, 3, 3, 3]
[3, 3, 3, 3, 3, 3, 3, 3, 3, 3, 3, 4, 4, 2, 2, 2, 2, 2, 2, 4, 4, 3, 3, 3, 3, 3, 3, 3, 3, 3, 3, 3]
[2, 2, 2, 2, 2, 2, 2, 2, 2, 2, 2, 2, 2, 0, 0, 0, 0, 0, 0, 2, 2, 2, 2, 2, 2, 2, 2, 2, 2, 2, 2, 2]
[2, 2, 2, 2, 2, 2, 2, 2, 2, 2, 2, 2, 2, 0, 0, 0, 0, 0, 0, 2, 2, 2, 2, 2, 2, 2, 2, 2, 2, 2, 2, 2]
[2, 2, 2, 2, 2, 2, 2, 2, 2, 2, 2, 2, 2, 0, 0, 0, 0, 0, 0, 2, 2, 2, 2, 2, 2, 2, 2, 2, 2, 2, 2, 2]
[2, 2, 2, 2, 2, 2, 2, 2, 2, 2, 2, 2, 2, 0, 0, 0, 0, 0, 0, 2, 2, 2, 2, 2, 2, 2, 2, 2, 2, 2, 2, 2]
[2, 2, 2, 2, 2, 2, 2, 2, 2, 2, 2, 2, 2, 0, 0, 0, 0, 0, 0, 2, 2, 2, 2, 2, 2, 2, 2, 2, 2, 2, 2, 2]
[2, 2, 2, 2, 2, 2, 2, 2, 2, 2, 2, 2, 2, 0, 0, 0, 0, 0, 0, 2, 2, 2, 2, 2, 2, 2, 2, 2, 2, 2, 2, 2]
[3, 3, 3, 3, 3, 3, 3, 3, 3, 3, 3, 4, 4, 2, 2, 2, 2, 2, 2, 4, 4, 3, 3, 3, 3, 3, 3, 3, 3, 3, 3, 3]
[3, 3, 3, 3, 3, 3, 3, 3, 3, 3, 3, 4, 4, 2, 2, 2, 2, 2, 2, 4, 4, 3, 3, 3, 3, 3, 3, 3, 3, 3, 3, 3]
[2, 2, 2, 2, 2, 2, 2, 2, 2, 2, 2, 3, 3, 2, 2, 2, 2, 2, 2, 3, 3, 2, 2, 2, 2, 2, 2, 2, 2, 2, 2, 2]
[2, 2, 2, 2, 2, 2, 2, 2, 2, 2, 2, 3, 3, 2, 2, 2, 2, 2, 2, 3, 3, 2, 2, 2, 2, 2, 2, 2, 2, 2, 2, 2]
[2, 2, 2, 2, 2, 2, 2, 2, 2, 2, 2, 3, 3, 2, 2, 2, 2, 2, 2, 3, 3, 2, 2, 2, 2, 2, 2, 2, 2, 2, 2, 2]
[2, 2, 2, 2, 2, 2, 2, 2, 2, 2, 2, 3, 3, 2, 2, 2, 2, 2, 2, 3, 3, 2, 2, 2, 2, 2, 2, 2, 2, 2, 2, 2]
[2, 2, 2, 2, 2, 2, 2, 2, 2, 2, 2, 3, 3, 2, 2, 2, 2, 2, 2, 3, 3, 2, 2, 2, 2, 2, 2, 2, 2, 2, 2, 2]
[2, 2, 2, 2, 2, 2, 2, 2, 2, 2, 2, 3, 3, 2, 2, 2, 2, 2, 2, 3, 3, 2, 2, 2, 2, 2, 2, 2, 2, 2, 2, 2]
[2, 2, 2, 2, 2, 2, 2, 2, 2, 2, 2, 3, 3, 2, 2, 2, 2, 2, 2, 3, 3, 2, 2, 2, 2, 2, 2, 2, 2, 2, 2, 2]
[2, 2, 2, 2, 2, 2, 2, 2, 2, 2, 2, 3, 3, 2, 2, 2, 2, 2, 2, 3, 3, 2, 2, 2, 2, 2, 2, 2, 2, 2, 2, 2]
[2, 2, 2, 2, 2, 2, 2, 2, 2, 2, 2, 3, 3, 2, 2, 2, 2, 2, 2, 3, 3, 2, 2, 2, 2, 2, 2, 2, 2, 2, 2, 2]
[2, 2, 2, 2, 2, 2, 2, 2, 2, 2, 2, 3, 3, 2, 2, 2, 2, 2, 2, 3, 3, 2, 2, 2, 2, 2, 2, 2, 2, 2, 2, 2]
[2, 2, 2, 2, 2, 2, 2, 2, 2, 2, 2, 3, 3, 2, 2, 2, 2, 2, 2, 3, 3, 2, 2, 2, 2, 2, 2, 2, 2, 2, 2, 2]
Edges: 1092
Moves: 2184
Max Clique Size: 2
Number of Max Cliques: 1128
Number of Connected Components: 74
Connected Components Spatial Distribution
[ 3, 2, 3, 2, 3, 2, 3, 2, 3, 2, 3, 2, 3, 2, 3, 2, 3, 2, 3, 2, 3, 2, 3, 2, 3, 2, 3, 2, 3, 2, 3, 2]
[ 2, 3, 2, 3, 2, 3, 2, 3, 2, 3, 2, 3, 2, 3, 2, 3, 2, 3, 2, 3, 2, 3, 2, 3, 2, 3, 2, 3, 2, 3, 2, 3]
[ 3, 2,29, 9,36,11,30,25, 3, 2, 3, 2, 3, 2, 3, 2, 3, 2, 3, 2, 3, 2, 3, 2,29, 9,36,11,30,25, 3, 2]
[ 2, 3,28,22,34, 6,23, 1, 2, 3, 2, 3, 2, 3, 2, 3, 2, 3, 2, 3, 2, 3, 2, 3,28,22,34, 6,23, 1, 2, 3]
[ 3, 2,14,35,24,21, 7,20, 3, 2, 3, 2, 3, 2, 3, 2, 3, 2, 3, 2, 3, 2, 3, 2,14,35,24,21, 7,20, 3, 2]
[ 2, 3, 8,16,10,41,17,38, 2, 3, 2, 3, 2,29, 9,36,11,30,25, 3, 2, 3, 2, 3, 8,16,10,41,17,38, 2, 3]
[ 3, 2,26,39,47, 4, 5,46, 3, 2, 3, 2, 3,28,22,34, 6,23, 1, 2, 3, 2, 3, 2,26,39,47, 4, 5,46, 3, 2]
[ 2, 3,31,33,27,15,37,13, 2, 3, 2, 3, 2,14,35,24,21, 7,20, 3, 2, 3, 2, 3,31,33,27,15,37,13, 2, 3]
[ 3, 2, 3, 2, 3, 2, 3, 2, 3, 2, 3, 2, 3, 8,16,10,41,17,38, 2, 3, 2, 3, 2, 3, 2, 3, 2, 3, 2, 3, 2]
[ 2, 3, 2, 3, 2, 3, 2, 3, 2, 3, 2, 3, 2,26,39,47, 4, 5,46, 3, 2, 3, 2, 3, 2, 3, 2, 3, 2, 3, 2, 3]
[ 3, 2, 3, 2, 3, 2, 3, 2, 3, 2, 3, 2, 3,31,33,27,15,37,13, 2, 3, 2, 3, 2, 3, 2, 3, 2, 3, 2, 3, 2]
[ 2, 3, 2, 3, 2, 3, 2, 3, 2, 3, 2, 3, 2, 3, 2, 3, 2, 3, 2, 3, 2, 3, 2, 3, 2, 3, 2, 3, 2, 3, 2, 3]
[ 3, 2, 3, 2, 3, 2, 3, 2, 3, 2, 3, 2, 3, 2, 3, 2, 3, 2, 3, 2, 3, 2, 3, 2, 3, 2, 3, 2, 3, 2, 3, 2]
[ 2, 3, 2, 3, 2,29, 9,36,11,30,25, 3, 2,19,72,18,48,12,55, 3, 2,29, 9,36,11,30,25, 3, 2, 3, 2, 3]
[ 3, 2, 3, 2, 3,28,22,34, 6,23, 1, 2, 3,56,43,67,69,54,64, 2, 3,28,22,34, 6,23, 1, 2, 3, 2, 3, 2]
[ 2, 3, 2, 3, 2,14,35,24,21, 7,20, 3, 2,71,66,44,53,70,49, 3, 2,14,35,24,21, 7,20, 3, 2, 3, 2, 3]
[ 3, 2, 3, 2, 3, 8,16,10,41,17,38, 2, 3,50,61,59,68,62,60, 2, 3, 8,16,10,41,17,38, 2, 3, 2, 3, 2]
[ 2, 3, 2, 3, 2,26,39,47, 4, 5,46, 3, 2,65,45,74,51,32,40, 3, 2,26,39,47, 4, 5,46, 3, 2, 3, 2, 3]
[ 3, 2, 3, 2, 3,31,33,27,15,37,13, 2, 3,42,57,63,73,58,52, 2, 3,31,33,27,15,37,13, 2, 3, 2, 3, 2]
[ 2, 3, 2, 3, 2, 3, 2, 3, 2, 3, 2, 3, 2, 3, 2, 3, 2, 3, 2, 3, 2, 3, 2, 3, 2, 3, 2, 3, 2, 3, 2, 3]
[ 3, 2, 3, 2, 3, 2, 3, 2, 3, 2, 3, 2, 3, 2, 3, 2, 3, 2, 3, 2, 3, 2, 3, 2, 3, 2, 3, 2, 3, 2, 3, 2]
[ 2, 3, 2, 3, 2, 3, 2, 3, 2, 3, 2, 3, 2,29, 9,36,11,30,25, 3, 2, 3, 2, 3, 2, 3, 2, 3, 2, 3, 2, 3]
[ 3, 2, 3, 2, 3, 2, 3, 2, 3, 2, 3, 2, 3,28,22,34, 6,23, 1, 2, 3, 2, 3, 2, 3, 2, 3, 2, 3, 2, 3, 2]
[ 2, 3, 2, 3, 2, 3, 2, 3, 2, 3, 2, 3, 2,14,35,24,21, 7,20, 3, 2, 3, 2, 3, 2, 3, 2, 3, 2, 3, 2, 3]
[ 3, 2,29, 9,36,11,30,25, 3, 2, 3, 2, 3, 8,16,10,41,17,38, 2, 3, 2, 3, 2,29, 9,36,11,30,25, 3, 2]
[ 2, 3,28,22,34, 6,23, 1, 2, 3, 2, 3, 2,26,39,47, 4, 5,46, 3, 2, 3, 2, 3,28,22,34, 6,23, 1, 2, 3]
[ 3, 2,14,35,24,21, 7,20, 3, 2, 3, 2, 3,31,33,27,15,37,13, 2, 3, 2, 3, 2,14,35,24,21, 7,20, 3, 2]
[ 2, 3, 8,16,10,41,17,38, 2, 3, 2, 3, 2, 3, 2, 3, 2, 3, 2, 3, 2, 3, 2, 3, 8,16,10,41,17,38, 2, 3]
[ 3, 2,26,39,47, 4, 5,46, 3, 2, 3, 2, 3, 2, 3, 2, 3, 2, 3, 2, 3, 2, 3, 2,26,39,47, 4, 5,46, 3, 2]
[ 2, 3,31,33,27,15,37,13, 2, 3, 2, 3, 2, 3, 2, 3, 2, 3, 2, 3, 2, 3, 2, 3,31,33,27,15,37,13, 2, 3]
[ 3, 2, 3, 2, 3, 2, 3, 2, 3, 2, 3, 2, 3, 2, 3, 2, 3, 2, 3, 2, 3, 2, 3, 2, 3, 2, 3, 2, 3, 2, 3, 2]
[ 2, 3, 2, 3, 2, 3, 2, 3, 2, 3, 2, 3, 2, 3, 2, 3, 2, 3, 2, 3, 2, 3, 2, 3, 2, 3, 2, 3, 2, 3, 2, 3]
