[d, p, q] = [30, 10, 20]
64,0,784,160,16
Degree Spatial distribution
[2, 2, 2, 2, 2, 2, 2, 2, 2, 2, 3, 3, 2, 2, 2, 2, 2, 2, 2, 2, 3, 3, 2, 2, 2, 2, 2, 2, 2, 2, 2, 2]
[2, 2, 2, 2, 2, 2, 2, 2, 2, 2, 3, 3, 2, 2, 2, 2, 2, 2, 2, 2, 3, 3, 2, 2, 2, 2, 2, 2, 2, 2, 2, 2]
[2, 2, 2, 2, 2, 2, 2, 2, 2, 2, 3, 3, 2, 2, 2, 2, 2, 2, 2, 2, 3, 3, 2, 2, 2, 2, 2, 2, 2, 2, 2, 2]
[2, 2, 2, 2, 2, 2, 2, 2, 2, 2, 3, 3, 2, 2, 2, 2, 2, 2, 2, 2, 3, 3, 2, 2, 2, 2, 2, 2, 2, 2, 2, 2]
[2, 2, 2, 2, 2, 2, 2, 2, 2, 2, 3, 3, 2, 2, 2, 2, 2, 2, 2, 2, 3, 3, 2, 2, 2, 2, 2, 2, 2, 2, 2, 2]
[2, 2, 2, 2, 2, 2, 2, 2, 2, 2, 3, 3, 2, 2, 2, 2, 2, 2, 2, 2, 3, 3, 2, 2, 2, 2, 2, 2, 2, 2, 2, 2]
[2, 2, 2, 2, 2, 2, 2, 2, 2, 2, 3, 3, 2, 2, 2, 2, 2, 2, 2, 2, 3, 3, 2, 2, 2, 2, 2, 2, 2, 2, 2, 2]
[2, 2, 2, 2, 2, 2, 2, 2, 2, 2, 3, 3, 2, 2, 2, 2, 2, 2, 2, 2, 3, 3, 2, 2, 2, 2, 2, 2, 2, 2, 2, 2]
[2, 2, 2, 2, 2, 2, 2, 2, 2, 2, 3, 3, 2, 2, 2, 2, 2, 2, 2, 2, 3, 3, 2, 2, 2, 2, 2, 2, 2, 2, 2, 2]
[2, 2, 2, 2, 2, 2, 2, 2, 2, 2, 3, 3, 2, 2, 2, 2, 2, 2, 2, 2, 3, 3, 2, 2, 2, 2, 2, 2, 2, 2, 2, 2]
[3, 3, 3, 3, 3, 3, 3, 3, 3, 3, 4, 4, 2, 2, 2, 2, 2, 2, 2, 2, 4, 4, 3, 3, 3, 3, 3, 3, 3, 3, 3, 3]
[3, 3, 3, 3, 3, 3, 3, 3, 3, 3, 4, 4, 2, 2, 2, 2, 2, 2, 2, 2, 4, 4, 3, 3, 3, 3, 3, 3, 3, 3, 3, 3]
[2, 2, 2, 2, 2, 2, 2, 2, 2, 2, 2, 2, 0, 0, 0, 0, 0, 0, 0, 0, 2, 2, 2, 2, 2, 2, 2, 2, 2, 2, 2, 2]
[2, 2, 2, 2, 2, 2, 2, 2, 2, 2, 2, 2, 0, 0, 0, 0, 0, 0, 0, 0, 2, 2, 2, 2, 2, 2, 2, 2, 2, 2, 2, 2]
[2, 2, 2, 2, 2, 2, 2, 2, 2, 2, 2, 2, 0, 0, 0, 0, 0, 0, 0, 0, 2, 2, 2, 2, 2, 2, 2, 2, 2, 2, 2, 2]
[2, 2, 2, 2, 2, 2, 2, 2, 2, 2, 2, 2, 0, 0, 0, 0, 0, 0, 0, 0, 2, 2, 2, 2, 2, 2, 2, 2, 2, 2, 2, 2]
[2, 2, 2, 2, 2, 2, 2, 2, 2, 2, 2, 2, 0, 0, 0, 0, 0, 0, 0, 0, 2, 2, 2, 2, 2, 2, 2, 2, 2, 2, 2, 2]
[2, 2, 2, 2, 2, 2, 2, 2, 2, 2, 2, 2, 0, 0, 0, 0, 0, 0, 0, 0, 2, 2, 2, 2, 2, 2, 2, 2, 2, 2, 2, 2]
[2, 2, 2, 2, 2, 2, 2, 2, 2, 2, 2, 2, 0, 0, 0, 0, 0, 0, 0, 0, 2, 2, 2, 2, 2, 2, 2, 2, 2, 2, 2, 2]
[2, 2, 2, 2, 2, 2, 2, 2, 2, 2, 2, 2, 0, 0, 0, 0, 0, 0, 0, 0, 2, 2, 2, 2, 2, 2, 2, 2, 2, 2, 2, 2]
[3, 3, 3, 3, 3, 3, 3, 3, 3, 3, 4, 4, 2, 2, 2, 2, 2, 2, 2, 2, 4, 4, 3, 3, 3, 3, 3, 3, 3, 3, 3, 3]
[3, 3, 3, 3, 3, 3, 3, 3, 3, 3, 4, 4, 2, 2, 2, 2, 2, 2, 2, 2, 4, 4, 3, 3, 3, 3, 3, 3, 3, 3, 3, 3]
[2, 2, 2, 2, 2, 2, 2, 2, 2, 2, 3, 3, 2, 2, 2, 2, 2, 2, 2, 2, 3, 3, 2, 2, 2, 2, 2, 2, 2, 2, 2, 2]
[2, 2, 2, 2, 2, 2, 2, 2, 2, 2, 3, 3, 2, 2, 2, 2, 2, 2, 2, 2, 3, 3, 2, 2, 2, 2, 2, 2, 2, 2, 2, 2]
[2, 2, 2, 2, 2, 2, 2, 2, 2, 2, 3, 3, 2, 2, 2, 2, 2, 2, 2, 2, 3, 3, 2, 2, 2, 2, 2, 2, 2, 2, 2, 2]
[2, 2, 2, 2, 2, 2, 2, 2, 2, 2, 3, 3, 2, 2, 2, 2, 2, 2, 2, 2, 3, 3, 2, 2, 2, 2, 2, 2, 2, 2, 2, 2]
[2, 2, 2, 2, 2, 2, 2, 2, 2, 2, 3, 3, 2, 2, 2, 2, 2, 2, 2, 2, 3, 3, 2, 2, 2, 2, 2, 2, 2, 2, 2, 2]
[2, 2, 2, 2, 2, 2, 2, 2, 2, 2, 3, 3, 2, 2, 2, 2, 2, 2, 2, 2, 3, 3, 2, 2, 2, 2, 2, 2, 2, 2, 2, 2]
[2, 2, 2, 2, 2, 2, 2, 2, 2, 2, 3, 3, 2, 2, 2, 2, 2, 2, 2, 2, 3, 3, 2, 2, 2, 2, 2, 2, 2, 2, 2, 2]
[2, 2, 2, 2, 2, 2, 2, 2, 2, 2, 3, 3, 2, 2, 2, 2, 2, 2, 2, 2, 3, 3, 2, 2, 2, 2, 2, 2, 2, 2, 2, 2]
[2, 2, 2, 2, 2, 2, 2, 2, 2, 2, 3, 3, 2, 2, 2, 2, 2, 2, 2, 2, 3, 3, 2, 2, 2, 2, 2, 2, 2, 2, 2, 2]
[2, 2, 2, 2, 2, 2, 2, 2, 2, 2, 3, 3, 2, 2, 2, 2, 2, 2, 2, 2, 3, 3, 2, 2, 2, 2, 2, 2, 2, 2, 2, 2]
Edges: 1056
Moves: 2112
Max Clique Size: 2
Number of Max Cliques: 1120
Number of Connected Components: 164
Connected Components Spatial Distribution
[101, 65, 74, 24,103, 18, 35,  9, 32, 16,101, 65, 74, 24,103, 18, 35,  9, 32, 16,101, 65, 74, 24,103, 18, 35,  9, 32, 16,101, 65]
[ 60, 41, 88, 52, 17,  3, 68, 29, 55, 34, 60, 41, 88, 52, 17,  3, 68, 29, 55, 34, 60, 41, 88, 52, 17,  3, 68, 29, 55, 34, 60, 41]
[ 69, 19, 44, 28, 54, 98, 26, 40, 43, 82, 69, 19, 44, 28, 54, 98, 26, 40, 43, 82, 69, 19, 44, 28, 54, 98, 26, 40, 43, 82, 69, 19]
[105, 94,116,102, 96, 66, 36,  1, 81,111,105, 94,116,102, 96, 66, 36,  1, 81,111,105, 94,116,102, 96, 66, 36,  1, 81,111,105, 94]
[ 30, 63,122, 92, 20, 23, 58, 61, 67,  8, 30, 63,122, 92, 20, 23, 58, 61, 67,  8, 30, 63,122, 92, 20, 23, 58, 61, 67,  8, 30, 63]
[  4, 33, 91, 80, 31, 22, 78, 10, 15, 95,  4, 33, 91, 80, 31, 22, 78, 10, 15, 95,  4, 33, 91, 80, 31, 22, 78, 10, 15, 95,  4, 33]
[ 37,  2,100, 14, 75, 49,109, 53,108, 84, 37,  2,100, 14, 75, 49,109, 53,108, 84, 37,  2,100, 14, 75, 49,109, 53,108, 84, 37,  2]
[ 12, 71, 25, 56, 70,113, 57, 85, 87, 27, 12, 71, 25, 56, 70,113, 57, 85, 87, 27, 12, 71, 25, 56, 70,113, 57, 85, 87, 27, 12, 71]
[ 72,  7, 48,124, 47,110,  6,112, 46,115, 72,  7, 48,124, 47,110,  6,112, 46,115, 72,  7, 48,124, 47,110,  6,112, 46,115, 72,  7]
[ 62, 77, 11, 42, 79, 83,  5,104,106, 45, 62, 77, 11, 42, 79, 83,  5,104,106, 45, 62, 77, 11, 42, 79, 83,  5,104,106, 45, 62, 77]
[101, 65, 74, 24,103, 18, 35,  9, 32, 16,101, 65, 74, 24,103, 18, 35,  9, 32, 16,101, 65, 74, 24,103, 18, 35,  9, 32, 16,101, 65]
[ 60, 41, 88, 52, 17,  3, 68, 29, 55, 34, 60, 41, 88, 52, 17,  3, 68, 29, 55, 34, 60, 41, 88, 52, 17,  3, 68, 29, 55, 34, 60, 41]
[ 69, 19, 44, 28, 54, 98, 26, 40, 43, 82, 69, 19,149,143,121,142,147,141,157,140, 69, 19, 44, 28, 54, 98, 26, 40, 43, 82, 69, 19]
[105, 94,116,102, 96, 66, 36,  1, 81,111,105, 94,118, 51,161, 50,114, 39,129, 38,105, 94,116,102, 96, 66, 36,  1, 81,111,105, 94]
[ 30, 63,122, 92, 20, 23, 58, 61, 67,  8, 30, 63,158,131, 97,153,155,128,148,151, 30, 63,122, 92, 20, 23, 58, 61, 67,  8, 30, 63]
[  4, 33, 91, 80, 31, 22, 78, 10, 15, 95,  4, 33,130,159,152, 99,127,156,117, 93,  4, 33, 91, 80, 31, 22, 78, 10, 15, 95,  4, 33]
[ 37,  2,100, 14, 75, 49,109, 53,108, 84, 37,  2,126,119,144,136,154,145,137,160, 37,  2,100, 14, 75, 49,109, 53,108, 84, 37,  2]
[ 12, 71, 25, 56, 70,113, 57, 85, 87, 27, 12, 71, 21,150,107,164,123, 73, 86,120, 12, 71, 25, 56, 70,113, 57, 85, 87, 27, 12, 71]
[ 72,  7, 48,124, 47,110,  6,112, 46,115, 72,  7,138, 90,133,146,162,135,125, 59, 72,  7, 48,124, 47,110,  6,112, 46,115, 72,  7]
[ 62, 77, 11, 42, 79, 83,  5,104,106, 45, 62, 77, 89,139, 64, 76,134,163, 13,132, 62, 77, 11, 42, 79, 83,  5,104,106, 45, 62, 77]
[101, 65, 74, 24,103, 18, 35,  9, 32, 16,101, 65, 74, 24,103, 18, 35,  9, 32, 16,101, 65, 74, 24,103, 18, 35,  9, 32, 16,101, 65]
[ 60, 41, 88, 52, 17,  3, 68, 29, 55, 34, 60, 41, 88, 52, 17,  3, 68, 29, 55, 34, 60, 41, 88, 52, 17,  3, 68, 29, 55, 34, 60, 41]
[ 69, 19, 44, 28, 54, 98, 26, 40, 43, 82, 69, 19, 44, 28, 54, 98, 26, 40, 43, 82, 69, 19, 44, 28, 54, 98, 26, 40, 43, 82, 69, 19]
[105, 94,116,102, 96, 66, 36,  1, 81,111,105, 94,116,102, 96, 66, 36,  1, 81,111,105, 94,116,102, 96, 66, 36,  1, 81,111,105, 94]
[ 30, 63,122, 92, 20, 23, 58, 61, 67,  8, 30, 63,122, 92, 20, 23, 58, 61, 67,  8, 30, 63,122, 92, 20, 23, 58, 61, 67,  8, 30, 63]
[  4, 33, 91, 80, 31, 22, 78, 10, 15, 95,  4, 33, 91, 80, 31, 22, 78, 10, 15, 95,  4, 33, 91, 80, 31, 22, 78, 10, 15, 95,  4, 33]
[ 37,  2,100, 14, 75, 49,109, 53,108, 84, 37,  2,100, 14, 75, 49,109, 53,108, 84, 37,  2,100, 14, 75, 49,109, 53,108, 84, 37,  2]
[ 12, 71, 25, 56, 70,113, 57, 85, 87, 27, 12, 71, 25, 56, 70,113, 57, 85, 87, 27, 12, 71, 25, 56, 70,113, 57, 85, 87, 27, 12, 71]
[ 72,  7, 48,124, 47,110,  6,112, 46,115, 72,  7, 48,124, 47,110,  6,112, 46,115, 72,  7, 48,124, 47,110,  6,112, 46,115, 72,  7]
[ 62, 77, 11, 42, 79, 83,  5,104,106, 45, 62, 77, 11, 42, 79, 83,  5,104,106, 45, 62, 77, 11, 42, 79, 83,  5,104,106, 45, 62, 77]
[101, 65, 74, 24,103, 18, 35,  9, 32, 16,101, 65, 74, 24,103, 18, 35,  9, 32, 16,101, 65, 74, 24,103, 18, 35,  9, 32, 16,101, 65]
[ 60, 41, 88, 52, 17,  3, 68, 29, 55, 34, 60, 41, 88, 52, 17,  3, 68, 29, 55, 34, 60, 41, 88, 52, 17,  3, 68, 29, 55, 34, 60, 41]
