[d, p, q] = [30, 3, 27]
484,0,476,48,16
Degree Spatial distribution
[2, 2, 2, 3, 3, 2, 2, 2, 2, 2, 2, 2, 2, 2, 2, 2, 2, 2, 2, 2, 2, 2, 2, 2, 2, 2, 2, 3, 3, 2, 2, 2]
[2, 2, 2, 3, 3, 2, 2, 2, 2, 2, 2, 2, 2, 2, 2, 2, 2, 2, 2, 2, 2, 2, 2, 2, 2, 2, 2, 3, 3, 2, 2, 2]
[2, 2, 2, 3, 3, 2, 2, 2, 2, 2, 2, 2, 2, 2, 2, 2, 2, 2, 2, 2, 2, 2, 2, 2, 2, 2, 2, 3, 3, 2, 2, 2]
[3, 3, 3, 4, 4, 2, 2, 2, 2, 2, 2, 2, 2, 2, 2, 2, 2, 2, 2, 2, 2, 2, 2, 2, 2, 2, 2, 4, 4, 3, 3, 3]
[3, 3, 3, 4, 4, 2, 2, 2, 2, 2, 2, 2, 2, 2, 2, 2, 2, 2, 2, 2, 2, 2, 2, 2, 2, 2, 2, 4, 4, 3, 3, 3]
[2, 2, 2, 2, 2, 0, 0, 0, 0, 0, 0, 0, 0, 0, 0, 0, 0, 0, 0, 0, 0, 0, 0, 0, 0, 0, 0, 2, 2, 2, 2, 2]
[2, 2, 2, 2, 2, 0, 0, 0, 0, 0, 0, 0, 0, 0, 0, 0, 0, 0, 0, 0, 0, 0, 0, 0, 0, 0, 0, 2, 2, 2, 2, 2]
[2, 2, 2, 2, 2, 0, 0, 0, 0, 0, 0, 0, 0, 0, 0, 0, 0, 0, 0, 0, 0, 0, 0, 0, 0, 0, 0, 2, 2, 2, 2, 2]
[2, 2, 2, 2, 2, 0, 0, 0, 0, 0, 0, 0, 0, 0, 0, 0, 0, 0, 0, 0, 0, 0, 0, 0, 0, 0, 0, 2, 2, 2, 2, 2]
[2, 2, 2, 2, 2, 0, 0, 0, 0, 0, 0, 0, 0, 0, 0, 0, 0, 0, 0, 0, 0, 0, 0, 0, 0, 0, 0, 2, 2, 2, 2, 2]
[2, 2, 2, 2, 2, 0, 0, 0, 0, 0, 0, 0, 0, 0, 0, 0, 0, 0, 0, 0, 0, 0, 0, 0, 0, 0, 0, 2, 2, 2, 2, 2]
[2, 2, 2, 2, 2, 0, 0, 0, 0, 0, 0, 0, 0, 0, 0, 0, 0, 0, 0, 0, 0, 0, 0, 0, 0, 0, 0, 2, 2, 2, 2, 2]
[2, 2, 2, 2, 2, 0, 0, 0, 0, 0, 0, 0, 0, 0, 0, 0, 0, 0, 0, 0, 0, 0, 0, 0, 0, 0, 0, 2, 2, 2, 2, 2]
[2, 2, 2, 2, 2, 0, 0, 0, 0, 0, 0, 0, 0, 0, 0, 0, 0, 0, 0, 0, 0, 0, 0, 0, 0, 0, 0, 2, 2, 2, 2, 2]
[2, 2, 2, 2, 2, 0, 0, 0, 0, 0, 0, 0, 0, 0, 0, 0, 0, 0, 0, 0, 0, 0, 0, 0, 0, 0, 0, 2, 2, 2, 2, 2]
[2, 2, 2, 2, 2, 0, 0, 0, 0, 0, 0, 0, 0, 0, 0, 0, 0, 0, 0, 0, 0, 0, 0, 0, 0, 0, 0, 2, 2, 2, 2, 2]
[2, 2, 2, 2, 2, 0, 0, 0, 0, 0, 0, 0, 0, 0, 0, 0, 0, 0, 0, 0, 0, 0, 0, 0, 0, 0, 0, 2, 2, 2, 2, 2]
[2, 2, 2, 2, 2, 0, 0, 0, 0, 0, 0, 0, 0, 0, 0, 0, 0, 0, 0, 0, 0, 0, 0, 0, 0, 0, 0, 2, 2, 2, 2, 2]
[2, 2, 2, 2, 2, 0, 0, 0, 0, 0, 0, 0, 0, 0, 0, 0, 0, 0, 0, 0, 0, 0, 0, 0, 0, 0, 0, 2, 2, 2, 2, 2]
[2, 2, 2, 2, 2, 0, 0, 0, 0, 0, 0, 0, 0, 0, 0, 0, 0, 0, 0, 0, 0, 0, 0, 0, 0, 0, 0, 2, 2, 2, 2, 2]
[2, 2, 2, 2, 2, 0, 0, 0, 0, 0, 0, 0, 0, 0, 0, 0, 0, 0, 0, 0, 0, 0, 0, 0, 0, 0, 0, 2, 2, 2, 2, 2]
[2, 2, 2, 2, 2, 0, 0, 0, 0, 0, 0, 0, 0, 0, 0, 0, 0, 0, 0, 0, 0, 0, 0, 0, 0, 0, 0, 2, 2, 2, 2, 2]
[2, 2, 2, 2, 2, 0, 0, 0, 0, 0, 0, 0, 0, 0, 0, 0, 0, 0, 0, 0, 0, 0, 0, 0, 0, 0, 0, 2, 2, 2, 2, 2]
[2, 2, 2, 2, 2, 0, 0, 0, 0, 0, 0, 0, 0, 0, 0, 0, 0, 0, 0, 0, 0, 0, 0, 0, 0, 0, 0, 2, 2, 2, 2, 2]
[2, 2, 2, 2, 2, 0, 0, 0, 0, 0, 0, 0, 0, 0, 0, 0, 0, 0, 0, 0, 0, 0, 0, 0, 0, 0, 0, 2, 2, 2, 2, 2]
[2, 2, 2, 2, 2, 0, 0, 0, 0, 0, 0, 0, 0, 0, 0, 0, 0, 0, 0, 0, 0, 0, 0, 0, 0, 0, 0, 2, 2, 2, 2, 2]
[2, 2, 2, 2, 2, 0, 0, 0, 0, 0, 0, 0, 0, 0, 0, 0, 0, 0, 0, 0, 0, 0, 0, 0, 0, 0, 0, 2, 2, 2, 2, 2]
[3, 3, 3, 4, 4, 2, 2, 2, 2, 2, 2, 2, 2, 2, 2, 2, 2, 2, 2, 2, 2, 2, 2, 2, 2, 2, 2, 4, 4, 3, 3, 3]
[3, 3, 3, 4, 4, 2, 2, 2, 2, 2, 2, 2, 2, 2, 2, 2, 2, 2, 2, 2, 2, 2, 2, 2, 2, 2, 2, 4, 4, 3, 3, 3]
[2, 2, 2, 3, 3, 2, 2, 2, 2, 2, 2, 2, 2, 2, 2, 2, 2, 2, 2, 2, 2, 2, 2, 2, 2, 2, 2, 3, 3, 2, 2, 2]
[2, 2, 2, 3, 3, 2, 2, 2, 2, 2, 2, 2, 2, 2, 2, 2, 2, 2, 2, 2, 2, 2, 2, 2, 2, 2, 2, 3, 3, 2, 2, 2]
[2, 2, 2, 3, 3, 2, 2, 2, 2, 2, 2, 2, 2, 2, 2, 2, 2, 2, 2, 2, 2, 2, 2, 2, 2, 2, 2, 3, 3, 2, 2, 2]
Edges: 580
Moves: 1160
Max Clique Size: 2
Number of Max Cliques: 1064
Number of Connected Components: 502
Connected Components Spatial Distribution
[114,  2, 55, 17,  1, 26,114,  2, 55, 17,  1, 26,114,  2, 55, 17,  1, 26,114,  2, 55, 17,  1, 26,114,  2, 55, 17,  1, 26,114,  2]
[  7, 31, 18,  6,  8,  3,  7, 31, 18,  6,  8,  3,  7, 31, 18,  6,  8,  3,  7, 31, 18,  6,  8,  3,  7, 31, 18,  6,  8,  3,  7, 31]
[ 29, 30, 28, 21,116,103, 29, 30, 28, 21,116,103, 29, 30, 28, 21,116,103, 29, 30, 28, 21,116,103, 29, 30, 28, 21,116,103, 29, 30]
[ 17,  1, 26,114,  2, 55, 17,  1, 26,114,  2, 55, 17,  1, 26,114,  2, 55, 17,  1, 26,114,  2, 55, 17,  1, 26,114,  2, 55, 17,  1]
[  6,  8,  3,  7, 31, 18,  6,  8,  3,  7, 31, 18,  6,  8,  3,  7, 31, 18,  6,  8,  3,  7, 31, 18,  6,  8,  3,  7, 31, 18,  6,  8]
[ 21,116,103, 29, 30,393,221,284, 16,385,104,273,480,357,182,236,466,347, 63,225,433,308,144,195,427,298,502, 29, 30, 28, 21,116]
[114,  2, 55, 17,  1,115,359,153,309,102,231,145,276, 76,315,111,261, 60,191, 95,228, 15,269, 67,218,501,150, 17,  1, 26,114,  2]
[  7, 31, 18,  6,  8,321,152,361,100,311, 19,352, 72,280,108,318, 57,264,471,302, 12,230, 66,270,499,220,429,  6,  8,  3,  7, 31]
[ 29, 30, 28, 21,116,151,467,418,383,332,271,106, 51,483, 50,482,224,171,121,170,120, 64,384,333,297,235,186, 21,116,103, 29, 30]
[ 17,  1, 26,114,  2,358,262,141,176, 43, 68,313,340,204,339,203,  5,378,398,377,397,267,177, 44, 89,441,465,114,  2, 55, 17,  1]
[  6,  8,  3,  7, 31, 78,394,488,454,251,196,180,132,413,461, 75,301, 96, 38,242,190,472,310,403,370,165,113,  7, 31, 18,  6,  8]
[ 21,116,103, 29, 30,282,187,209,249,456,475,387,409,136,256,279, 92,303,327,447,470,193,101,126,163,372,392, 29, 30, 28, 21,116]
[114,  2, 55, 17,  1,486,139,265, 41,474,127,254,389,343,200,342,374,324,452,323,451,400, 42,178,439,390, 27, 17,  1, 26,114,  2]
[  7, 31, 18,  6,  8,207,416,469,330,194,404,459,183, 54,479, 53,167, 35,247, 34,246,123,331,386,233,110,320,  6,  8,  3,  7, 31]
[ 29, 30, 28, 21,116,415, 58,348,124,402, 45,336,462,259,131,412,445,243,381,395, 37,329,455,252, 22,317,443, 21,116,103, 29, 30]
[ 17,  1, 26,114,  2,138,345, 61,401,125,334, 47,257,464,408,135,240,448,174,118,326, 40,250,457,314, 24,238,114,  2, 55, 17,  1]
[  6,  8,  3,  7, 31,222,168,119,458,406,354,295,234,185,353,294,420,366,306,468,419,365,305,248,107, 52,485,  7, 31, 18,  6,  8]
[ 21,116,103, 29, 30,430,446,325,253,129,148,498, 23,391,147,497,212, 82, 98,188,211, 81, 97,453,388,258,281, 29, 30, 28, 21,116]
[114,  2, 55, 17,  1,154, 93,189, 46,337,277,369,316,112,275,368,491,290,229, 59,490,289,227,328,181,463,414, 17,  1, 26,114,  2]
[  7, 31, 18,  6,  8,362,375,396,335, 48, 73, 87,109,319, 71, 86,287,493, 13,263,286,492, 11, 39,460,184,206,  6,  8,  3,  7, 31]
[ 29, 30, 28, 21,116, 79,322,449,128, 70,201,438, 90, 25,496,149, 80,  9,158,140,266,213,450, 99,255,202,344, 21,116,103, 29, 30]
[ 17,  1, 26,114,  2,285,117,172,405,274,481,162,371,237,293,356,363,226,434,346, 62,421,245,307, 49,411,137,114,  2, 55, 17,  1]
[  6,  8,  3,  7, 31,489,241, 36,197,477,133, 20,164,442,425,216,155,432, 83,208,349,143,380,175,338,134,260,  7, 31, 18,  6,  8]
[ 21,116,103, 29, 30,210, 33,244,476,198,410,232,440,166,215,426,431,157,367,417,142,350,173,382,130,341, 56, 29, 30, 28, 21,116]
[114,  2, 55, 17,  1, 32,364,304,272,214,161,484,428,373,160,105,122, 65,495,283,223,169,494,435,407,355,296, 17,  1, 26,114,  2]
[  7, 31, 18,  6,  8,239,156, 10, 69,424,437,205,219, 91,436,312,399,268,292,487,  4,376,291,159,199, 74, 88,  6,  8,  3,  7, 31]
[ 29, 30, 28, 21,116,444,288,379,351,146, 85, 77,500,299, 84,179,192,473,423,360,300, 94,422, 14,478,278,217, 21,116,103, 29, 30]
[ 17,  1, 26,114,  2, 55, 17,  1, 26,114,  2, 55, 17,  1, 26,114,  2, 55, 17,  1, 26,114,  2, 55, 17,  1, 26,114,  2, 55, 17,  1]
[  6,  8,  3,  7, 31, 18,  6,  8,  3,  7, 31, 18,  6,  8,  3,  7, 31, 18,  6,  8,  3,  7, 31, 18,  6,  8,  3,  7, 31, 18,  6,  8]
[ 21,116,103, 29, 30, 28, 21,116,103, 29, 30, 28, 21,116,103, 29, 30, 28, 21,116,103, 29, 30, 28, 21,116,103, 29, 30, 28, 21,116]
[114,  2, 55, 17,  1, 26,114,  2, 55, 17,  1, 26,114,  2, 55, 17,  1, 26,114,  2, 55, 17,  1, 26,114,  2, 55, 17,  1, 26,114,  2]
[  7, 31, 18,  6,  8,  3,  7, 31, 18,  6,  8,  3,  7, 31, 18,  6,  8,  3,  7, 31, 18,  6,  8,  3,  7, 31, 18,  6,  8,  3,  7, 31]
