[d, p, q] = [30, 4, 26]
400,0,544,64,16
Degree Spatial distribution
[2, 2, 2, 2, 3, 3, 2, 2, 2, 2, 2, 2, 2, 2, 2, 2, 2, 2, 2, 2, 2, 2, 2, 2, 2, 2, 3, 3, 2, 2, 2, 2]
[2, 2, 2, 2, 3, 3, 2, 2, 2, 2, 2, 2, 2, 2, 2, 2, 2, 2, 2, 2, 2, 2, 2, 2, 2, 2, 3, 3, 2, 2, 2, 2]
[2, 2, 2, 2, 3, 3, 2, 2, 2, 2, 2, 2, 2, 2, 2, 2, 2, 2, 2, 2, 2, 2, 2, 2, 2, 2, 3, 3, 2, 2, 2, 2]
[2, 2, 2, 2, 3, 3, 2, 2, 2, 2, 2, 2, 2, 2, 2, 2, 2, 2, 2, 2, 2, 2, 2, 2, 2, 2, 3, 3, 2, 2, 2, 2]
[3, 3, 3, 3, 4, 4, 2, 2, 2, 2, 2, 2, 2, 2, 2, 2, 2, 2, 2, 2, 2, 2, 2, 2, 2, 2, 4, 4, 3, 3, 3, 3]
[3, 3, 3, 3, 4, 4, 2, 2, 2, 2, 2, 2, 2, 2, 2, 2, 2, 2, 2, 2, 2, 2, 2, 2, 2, 2, 4, 4, 3, 3, 3, 3]
[2, 2, 2, 2, 2, 2, 0, 0, 0, 0, 0, 0, 0, 0, 0, 0, 0, 0, 0, 0, 0, 0, 0, 0, 0, 0, 2, 2, 2, 2, 2, 2]
[2, 2, 2, 2, 2, 2, 0, 0, 0, 0, 0, 0, 0, 0, 0, 0, 0, 0, 0, 0, 0, 0, 0, 0, 0, 0, 2, 2, 2, 2, 2, 2]
[2, 2, 2, 2, 2, 2, 0, 0, 0, 0, 0, 0, 0, 0, 0, 0, 0, 0, 0, 0, 0, 0, 0, 0, 0, 0, 2, 2, 2, 2, 2, 2]
[2, 2, 2, 2, 2, 2, 0, 0, 0, 0, 0, 0, 0, 0, 0, 0, 0, 0, 0, 0, 0, 0, 0, 0, 0, 0, 2, 2, 2, 2, 2, 2]
[2, 2, 2, 2, 2, 2, 0, 0, 0, 0, 0, 0, 0, 0, 0, 0, 0, 0, 0, 0, 0, 0, 0, 0, 0, 0, 2, 2, 2, 2, 2, 2]
[2, 2, 2, 2, 2, 2, 0, 0, 0, 0, 0, 0, 0, 0, 0, 0, 0, 0, 0, 0, 0, 0, 0, 0, 0, 0, 2, 2, 2, 2, 2, 2]
[2, 2, 2, 2, 2, 2, 0, 0, 0, 0, 0, 0, 0, 0, 0, 0, 0, 0, 0, 0, 0, 0, 0, 0, 0, 0, 2, 2, 2, 2, 2, 2]
[2, 2, 2, 2, 2, 2, 0, 0, 0, 0, 0, 0, 0, 0, 0, 0, 0, 0, 0, 0, 0, 0, 0, 0, 0, 0, 2, 2, 2, 2, 2, 2]
[2, 2, 2, 2, 2, 2, 0, 0, 0, 0, 0, 0, 0, 0, 0, 0, 0, 0, 0, 0, 0, 0, 0, 0, 0, 0, 2, 2, 2, 2, 2, 2]
[2, 2, 2, 2, 2, 2, 0, 0, 0, 0, 0, 0, 0, 0, 0, 0, 0, 0, 0, 0, 0, 0, 0, 0, 0, 0, 2, 2, 2, 2, 2, 2]
[2, 2, 2, 2, 2, 2, 0, 0, 0, 0, 0, 0, 0, 0, 0, 0, 0, 0, 0, 0, 0, 0, 0, 0, 0, 0, 2, 2, 2, 2, 2, 2]
[2, 2, 2, 2, 2, 2, 0, 0, 0, 0, 0, 0, 0, 0, 0, 0, 0, 0, 0, 0, 0, 0, 0, 0, 0, 0, 2, 2, 2, 2, 2, 2]
[2, 2, 2, 2, 2, 2, 0, 0, 0, 0, 0, 0, 0, 0, 0, 0, 0, 0, 0, 0, 0, 0, 0, 0, 0, 0, 2, 2, 2, 2, 2, 2]
[2, 2, 2, 2, 2, 2, 0, 0, 0, 0, 0, 0, 0, 0, 0, 0, 0, 0, 0, 0, 0, 0, 0, 0, 0, 0, 2, 2, 2, 2, 2, 2]
[2, 2, 2, 2, 2, 2, 0, 0, 0, 0, 0, 0, 0, 0, 0, 0, 0, 0, 0, 0, 0, 0, 0, 0, 0, 0, 2, 2, 2, 2, 2, 2]
[2, 2, 2, 2, 2, 2, 0, 0, 0, 0, 0, 0, 0, 0, 0, 0, 0, 0, 0, 0, 0, 0, 0, 0, 0, 0, 2, 2, 2, 2, 2, 2]
[2, 2, 2, 2, 2, 2, 0, 0, 0, 0, 0, 0, 0, 0, 0, 0, 0, 0, 0, 0, 0, 0, 0, 0, 0, 0, 2, 2, 2, 2, 2, 2]
[2, 2, 2, 2, 2, 2, 0, 0, 0, 0, 0, 0, 0, 0, 0, 0, 0, 0, 0, 0, 0, 0, 0, 0, 0, 0, 2, 2, 2, 2, 2, 2]
[2, 2, 2, 2, 2, 2, 0, 0, 0, 0, 0, 0, 0, 0, 0, 0, 0, 0, 0, 0, 0, 0, 0, 0, 0, 0, 2, 2, 2, 2, 2, 2]
[2, 2, 2, 2, 2, 2, 0, 0, 0, 0, 0, 0, 0, 0, 0, 0, 0, 0, 0, 0, 0, 0, 0, 0, 0, 0, 2, 2, 2, 2, 2, 2]
[3, 3, 3, 3, 4, 4, 2, 2, 2, 2, 2, 2, 2, 2, 2, 2, 2, 2, 2, 2, 2, 2, 2, 2, 2, 2, 4, 4, 3, 3, 3, 3]
[3, 3, 3, 3, 4, 4, 2, 2, 2, 2, 2, 2, 2, 2, 2, 2, 2, 2, 2, 2, 2, 2, 2, 2, 2, 2, 4, 4, 3, 3, 3, 3]
[2, 2, 2, 2, 3, 3, 2, 2, 2, 2, 2, 2, 2, 2, 2, 2, 2, 2, 2, 2, 2, 2, 2, 2, 2, 2, 3, 3, 2, 2, 2, 2]
[2, 2, 2, 2, 3, 3, 2, 2, 2, 2, 2, 2, 2, 2, 2, 2, 2, 2, 2, 2, 2, 2, 2, 2, 2, 2, 3, 3, 2, 2, 2, 2]
[2, 2, 2, 2, 3, 3, 2, 2, 2, 2, 2, 2, 2, 2, 2, 2, 2, 2, 2, 2, 2, 2, 2, 2, 2, 2, 3, 3, 2, 2, 2, 2]
[2, 2, 2, 2, 3, 3, 2, 2, 2, 2, 2, 2, 2, 2, 2, 2, 2, 2, 2, 2, 2, 2, 2, 2, 2, 2, 3, 3, 2, 2, 2, 2]
Edges: 672
Moves: 1344
Max Clique Size: 2
Number of Max Cliques: 1072
Number of Connected Components: 404
Connected Components Spatial Distribution
[  5,  2,  5,  2,  5,  2,  5,  2,  5,  2,  5,  2,  5,  2,  5,  2,  5,  2,  5,  2,  5,  2,  5,  2,  5,  2,  5,  2,  5,  2,  5,  2]
[ 12,  1, 12,  1, 12,  1, 12,  1, 12,  1, 12,  1, 12,  1, 12,  1, 12,  1, 12,  1, 12,  1, 12,  1, 12,  1, 12,  1, 12,  1, 12,  1]
[  5,  2,  5,  2,  5,  2,  5,  2,  5,  2,  5,  2,  5,  2,  5,  2,  5,  2,  5,  2,  5,  2,  5,  2,  5,  2,  5,  2,  5,  2,  5,  2]
[ 12,  1, 12,  1, 12,  1, 12,  1, 12,  1, 12,  1, 12,  1, 12,  1, 12,  1, 12,  1, 12,  1, 12,  1, 12,  1, 12,  1, 12,  1, 12,  1]
[  5,  2,  5,  2,  5,  2,  5,  2,  5,  2,  5,  2,  5,  2,  5,  2,  5,  2,  5,  2,  5,  2,  5,  2,  5,  2,  5,  2,  5,  2,  5,  2]
[ 12,  1, 12,  1, 12,  1, 12,  1, 12,  1, 12,  1, 12,  1, 12,  1, 12,  1, 12,  1, 12,  1, 12,  1, 12,  1, 12,  1, 12,  1, 12,  1]
[  5,  2,  5,  2,  5,  2,287,117,244, 78,182,112,222, 59,250, 85,208, 44,151, 71,179, 11,216, 50,172,404,  5,  2,  5,  2,  5,  2]
[ 12,  1, 12,  1, 12,  1,116,288, 76,246, 13,282, 55,225, 82,253, 41,211,381,238,  9,181, 49,217,403,174, 12,  1, 12,  1, 12,  1]
[  5,  2,  5,  2,  5,  2,377,338,308,265,218, 80, 37,390, 36,389,176,134, 91,133, 90, 47,309,266,236,186,  5,  2,  5,  2,  5,  2]
[ 12,  1, 12,  1, 12,  1,209,109,139, 29, 51,248,273,162,272,161,  4,304,320,303,319,214,140, 30, 66,355, 12,  1, 12,  1, 12,  1]
[  5,  2,  5,  2,  5,  2,316,393,366,199,154,142,102,335,373, 58,237, 72, 24,190,150,382,245,325,296,128,  5,  2,  5,  2,  5,  2]
[ 12,  1, 12,  1, 12,  1,147,165,197,368,384,311,331,106,204,224, 69,239,260,359,380,152, 77, 96,126,298, 12,  1, 12,  1, 12,  1]
[  5,  2,  5,  2,  5,  2,107,212, 27,383, 97,202,313,276,158,275,300,257,364,256,363,322, 28,141,353,314,  5,  2,  5,  2,  5,  2]
[ 12,  1, 12,  1, 12,  1,336,379,263,153,326,371,144, 40,387, 39,130, 21,195, 20,194, 93,264,310,184, 84, 12,  1, 12,  1, 12,  1]
[  5,  2,  5,  2,  5,  2, 42,279, 94,324, 31,269,374,207,101,334,357,191,306,317, 23,262,367,200, 15,252,  5,  2,  5,  2,  5,  2]
[ 12,  1, 12,  1, 12,  1,277, 45,323, 95,267, 33,205,376,330,105,188,360,137, 88,259, 26,198,369,249, 17, 12,  1, 12,  1, 12,  1]
[  5,  2,  5,  2,  5,  2,131, 89,370,328,284,235,185,146,283,234,340,292,242,378,339,291,241,196, 81, 38,  5,  2,  5,  2,  5,  2]
[ 12,  1, 12,  1, 12,  1,358,258,201, 99,114,402, 16,315,113,401,167, 62, 74,148,166, 61, 73,365,312,206, 12,  1, 12,  1, 12,  1]
[  5,  2,  5,  2,  5,  2, 70,149, 32,270,223,295,251, 86,221,294,395,230,180, 43,394,229,178,261,143,375,  5,  2,  5,  2,  5,  2]
[ 12,  1, 12,  1, 12,  1,301,318,268, 34, 56, 65, 83,254, 54, 64,228,397, 10,210,227,396,  8, 25,372,145, 12,  1, 12,  1, 12,  1]
[  5,  2,  5,  2,  5,  2,255,361, 98, 53,159,352, 67, 18,400,115, 60,  6,121,108,213,168,362, 75,203,160,  5,  2,  5,  2,  5,  2]
[ 12,  1, 12,  1, 12,  1, 87,135,327,220,388,125,297,187,233,286,289,177,348,278, 46,341,193,243, 35,333, 12,  1, 12,  1, 12,  1]
[  5,  2,  5,  2,  5,  2,189, 22,155,386,103, 14,127,356,343,171,118,347, 63,164,280,111,305,138,271,104,  5,  2,  5,  2,  5,  2]
[ 12,  1, 12,  1, 12,  1, 19,192,385,156,332,183,354,129,170,344,346,120,293,337,110,281,136,307,100,274, 12,  1, 12,  1, 12,  1]
[  5,  2,  5,  2,  5,  2,290,240,219,169,124,391,345,299,123, 79, 92, 48,399,226,175,132,398,349,329,285,  5,  2,  5,  2,  5,  2]
[ 12,  1, 12,  1, 12,  1,119,  7, 52,342,351,163,173, 68,350,247,321,215,232,392,  3,302,231,122,157, 57, 12,  1, 12,  1, 12,  1]
[  5,  2,  5,  2,  5,  2,  5,  2,  5,  2,  5,  2,  5,  2,  5,  2,  5,  2,  5,  2,  5,  2,  5,  2,  5,  2,  5,  2,  5,  2,  5,  2]
[ 12,  1, 12,  1, 12,  1, 12,  1, 12,  1, 12,  1, 12,  1, 12,  1, 12,  1, 12,  1, 12,  1, 12,  1, 12,  1, 12,  1, 12,  1, 12,  1]
[  5,  2,  5,  2,  5,  2,  5,  2,  5,  2,  5,  2,  5,  2,  5,  2,  5,  2,  5,  2,  5,  2,  5,  2,  5,  2,  5,  2,  5,  2,  5,  2]
[ 12,  1, 12,  1, 12,  1, 12,  1, 12,  1, 12,  1, 12,  1, 12,  1, 12,  1, 12,  1, 12,  1, 12,  1, 12,  1, 12,  1, 12,  1, 12,  1]
[  5,  2,  5,  2,  5,  2,  5,  2,  5,  2,  5,  2,  5,  2,  5,  2,  5,  2,  5,  2,  5,  2,  5,  2,  5,  2,  5,  2,  5,  2,  5,  2]
[ 12,  1, 12,  1, 12,  1, 12,  1, 12,  1, 12,  1, 12,  1, 12,  1, 12,  1, 12,  1, 12,  1, 12,  1, 12,  1, 12,  1, 12,  1, 12,  1]
