[d, p, q] = [30, 5, 25]
324,0,604,80,16
Degree Spatial distribution
[2, 2, 2, 2, 2, 3, 3, 2, 2, 2, 2, 2, 2, 2, 2, 2, 2, 2, 2, 2, 2, 2, 2, 2, 2, 3, 3, 2, 2, 2, 2, 2]
[2, 2, 2, 2, 2, 3, 3, 2, 2, 2, 2, 2, 2, 2, 2, 2, 2, 2, 2, 2, 2, 2, 2, 2, 2, 3, 3, 2, 2, 2, 2, 2]
[2, 2, 2, 2, 2, 3, 3, 2, 2, 2, 2, 2, 2, 2, 2, 2, 2, 2, 2, 2, 2, 2, 2, 2, 2, 3, 3, 2, 2, 2, 2, 2]
[2, 2, 2, 2, 2, 3, 3, 2, 2, 2, 2, 2, 2, 2, 2, 2, 2, 2, 2, 2, 2, 2, 2, 2, 2, 3, 3, 2, 2, 2, 2, 2]
[2, 2, 2, 2, 2, 3, 3, 2, 2, 2, 2, 2, 2, 2, 2, 2, 2, 2, 2, 2, 2, 2, 2, 2, 2, 3, 3, 2, 2, 2, 2, 2]
[3, 3, 3, 3, 3, 4, 4, 2, 2, 2, 2, 2, 2, 2, 2, 2, 2, 2, 2, 2, 2, 2, 2, 2, 2, 4, 4, 3, 3, 3, 3, 3]
[3, 3, 3, 3, 3, 4, 4, 2, 2, 2, 2, 2, 2, 2, 2, 2, 2, 2, 2, 2, 2, 2, 2, 2, 2, 4, 4, 3, 3, 3, 3, 3]
[2, 2, 2, 2, 2, 2, 2, 0, 0, 0, 0, 0, 0, 0, 0, 0, 0, 0, 0, 0, 0, 0, 0, 0, 0, 2, 2, 2, 2, 2, 2, 2]
[2, 2, 2, 2, 2, 2, 2, 0, 0, 0, 0, 0, 0, 0, 0, 0, 0, 0, 0, 0, 0, 0, 0, 0, 0, 2, 2, 2, 2, 2, 2, 2]
[2, 2, 2, 2, 2, 2, 2, 0, 0, 0, 0, 0, 0, 0, 0, 0, 0, 0, 0, 0, 0, 0, 0, 0, 0, 2, 2, 2, 2, 2, 2, 2]
[2, 2, 2, 2, 2, 2, 2, 0, 0, 0, 0, 0, 0, 0, 0, 0, 0, 0, 0, 0, 0, 0, 0, 0, 0, 2, 2, 2, 2, 2, 2, 2]
[2, 2, 2, 2, 2, 2, 2, 0, 0, 0, 0, 0, 0, 0, 0, 0, 0, 0, 0, 0, 0, 0, 0, 0, 0, 2, 2, 2, 2, 2, 2, 2]
[2, 2, 2, 2, 2, 2, 2, 0, 0, 0, 0, 0, 0, 0, 0, 0, 0, 0, 0, 0, 0, 0, 0, 0, 0, 2, 2, 2, 2, 2, 2, 2]
[2, 2, 2, 2, 2, 2, 2, 0, 0, 0, 0, 0, 0, 0, 0, 0, 0, 0, 0, 0, 0, 0, 0, 0, 0, 2, 2, 2, 2, 2, 2, 2]
[2, 2, 2, 2, 2, 2, 2, 0, 0, 0, 0, 0, 0, 0, 0, 0, 0, 0, 0, 0, 0, 0, 0, 0, 0, 2, 2, 2, 2, 2, 2, 2]
[2, 2, 2, 2, 2, 2, 2, 0, 0, 0, 0, 0, 0, 0, 0, 0, 0, 0, 0, 0, 0, 0, 0, 0, 0, 2, 2, 2, 2, 2, 2, 2]
[2, 2, 2, 2, 2, 2, 2, 0, 0, 0, 0, 0, 0, 0, 0, 0, 0, 0, 0, 0, 0, 0, 0, 0, 0, 2, 2, 2, 2, 2, 2, 2]
[2, 2, 2, 2, 2, 2, 2, 0, 0, 0, 0, 0, 0, 0, 0, 0, 0, 0, 0, 0, 0, 0, 0, 0, 0, 2, 2, 2, 2, 2, 2, 2]
[2, 2, 2, 2, 2, 2, 2, 0, 0, 0, 0, 0, 0, 0, 0, 0, 0, 0, 0, 0, 0, 0, 0, 0, 0, 2, 2, 2, 2, 2, 2, 2]
[2, 2, 2, 2, 2, 2, 2, 0, 0, 0, 0, 0, 0, 0, 0, 0, 0, 0, 0, 0, 0, 0, 0, 0, 0, 2, 2, 2, 2, 2, 2, 2]
[2, 2, 2, 2, 2, 2, 2, 0, 0, 0, 0, 0, 0, 0, 0, 0, 0, 0, 0, 0, 0, 0, 0, 0, 0, 2, 2, 2, 2, 2, 2, 2]
[2, 2, 2, 2, 2, 2, 2, 0, 0, 0, 0, 0, 0, 0, 0, 0, 0, 0, 0, 0, 0, 0, 0, 0, 0, 2, 2, 2, 2, 2, 2, 2]
[2, 2, 2, 2, 2, 2, 2, 0, 0, 0, 0, 0, 0, 0, 0, 0, 0, 0, 0, 0, 0, 0, 0, 0, 0, 2, 2, 2, 2, 2, 2, 2]
[2, 2, 2, 2, 2, 2, 2, 0, 0, 0, 0, 0, 0, 0, 0, 0, 0, 0, 0, 0, 0, 0, 0, 0, 0, 2, 2, 2, 2, 2, 2, 2]
[2, 2, 2, 2, 2, 2, 2, 0, 0, 0, 0, 0, 0, 0, 0, 0, 0, 0, 0, 0, 0, 0, 0, 0, 0, 2, 2, 2, 2, 2, 2, 2]
[3, 3, 3, 3, 3, 4, 4, 2, 2, 2, 2, 2, 2, 2, 2, 2, 2, 2, 2, 2, 2, 2, 2, 2, 2, 4, 4, 3, 3, 3, 3, 3]
[3, 3, 3, 3, 3, 4, 4, 2, 2, 2, 2, 2, 2, 2, 2, 2, 2, 2, 2, 2, 2, 2, 2, 2, 2, 4, 4, 3, 3, 3, 3, 3]
[2, 2, 2, 2, 2, 3, 3, 2, 2, 2, 2, 2, 2, 2, 2, 2, 2, 2, 2, 2, 2, 2, 2, 2, 2, 3, 3, 2, 2, 2, 2, 2]
[2, 2, 2, 2, 2, 3, 3, 2, 2, 2, 2, 2, 2, 2, 2, 2, 2, 2, 2, 2, 2, 2, 2, 2, 2, 3, 3, 2, 2, 2, 2, 2]
[2, 2, 2, 2, 2, 3, 3, 2, 2, 2, 2, 2, 2, 2, 2, 2, 2, 2, 2, 2, 2, 2, 2, 2, 2, 3, 3, 2, 2, 2, 2, 2]
[2, 2, 2, 2, 2, 3, 3, 2, 2, 2, 2, 2, 2, 2, 2, 2, 2, 2, 2, 2, 2, 2, 2, 2, 2, 3, 3, 2, 2, 2, 2, 2]
[2, 2, 2, 2, 2, 3, 3, 2, 2, 2, 2, 2, 2, 2, 2, 2, 2, 2, 2, 2, 2, 2, 2, 2, 2, 3, 3, 2, 2, 2, 2, 2]
Edges: 756
Moves: 1512
Max Clique Size: 2
Number of Max Cliques: 1080
Number of Connected Components: 374
Connected Components Spatial Distribution
[ 23, 78, 10, 15,128,  4, 33, 93, 32, 16, 23, 78, 10, 15,128,  4, 33, 93, 32, 16, 23, 78, 10, 15,128,  4, 33, 93, 32, 16, 23, 78]
[ 54, 38, 58, 57, 17,  3,  2, 30, 14, 34, 54, 38, 58, 57, 17,  3,  2, 30, 14, 34, 54, 38, 58, 57, 17,  3,  2, 30, 14, 34, 54, 38]
[ 82, 85, 59, 29, 28, 20, 27, 26, 60, 83, 82, 85, 59, 29, 28, 20, 27, 26, 60, 83, 82, 85, 59, 29, 28, 20, 27, 26, 60, 83, 82, 85]
[136,  6,139,127,193, 79,  7,  1, 94, 72,136,  6,139,127,193, 79,  7,  1, 94, 72,136,  6,139,127,193, 79,  7,  1, 94, 72,136,  6]
[ 31, 66,171,108, 81, 24, 62, 77, 80,  8, 31, 66,171,108, 81, 24, 62, 77, 80,  8, 31, 66,171,108, 81, 24, 62, 77, 80,  8, 31, 66]
[  4, 33, 93, 32, 16, 23, 78, 10, 15,128,  4, 33, 93, 32, 16, 23, 78, 10, 15,128,  4, 33, 93, 32, 16, 23, 78, 10, 15,128,  4, 33]
[  3,  2, 30, 14, 34, 54, 38, 58, 57, 17,  3,  2, 30, 14, 34, 54, 38, 58, 57, 17,  3,  2, 30, 14, 34, 54, 38, 58, 57, 17,  3,  2]
[ 20, 27, 26, 60, 83, 82, 85,276,100,242, 18,272, 74,224,105,246, 61,213,353,235, 12,188, 69,217,374, 82, 85, 59, 29, 28, 20, 27]
[ 79,  7,  1, 94, 72,136,  6,317,292,257,218,103, 53,362, 52,361,184,150,112,149,111, 67,293,258,233,136,  6,139,127,193, 79,  7]
[ 24, 62, 77, 80,  8, 31, 66,130,155, 45, 70,243,265,174,264,173,  5,288,302,287,301,216,156, 46, 91, 31, 66,171,108, 81, 24, 62]
[ 23, 78, 10, 15,128,  4, 33,364,340,204,167,158,123,315,347, 76,234, 96, 40,195,164,354,241,306,283,  4, 33, 93, 32, 16, 23, 78]
[ 54, 38, 58, 57, 17,  3,  2,176,202,342,356,295,312,126,209,223, 95,236,252,333,352,165,101,117,144,  3,  2, 30, 14, 34, 54, 38]
[ 82, 85, 59, 29, 28, 20, 27,214, 43,355,118,207,297,267,170,266,286,249,338,248,337,303, 44,157,329, 20, 27, 26, 60, 83, 82, 85]
[136,  6,139,127,193, 79,  7,351,255,166,307,345,160, 56,359, 55,147, 36,200, 35,199,114,256,294,190, 79,  7,  1, 94, 72,136,  6]
[ 31, 66,171,108, 81, 24, 62,269,115,305, 47,261,348,211,122,314,332,196,290,299, 39,254,341,205, 21, 24, 62, 77, 80,  8, 31, 66]
[  4, 33, 93, 32, 16, 23, 78, 64,304,116,259, 49,210,349,311,125,194,334,153,109,251, 42,203,343,244, 23, 78, 10, 15,128,  4, 33]
[  3,  2, 30, 14, 34, 54, 38,110,344,309,274,232,191,161,273,231,319,279,239,350,318,278,238,201,104, 54, 38, 58, 57, 17,  3,  2]
[ 20, 27, 26, 60, 83, 82, 85,250,206,120,134,373, 22,298,133,372,178, 87, 98,162,177, 86, 97,339,296, 82, 85, 59, 29, 28, 20, 27]
[ 79,  7,  1, 94, 72,136,  6,163, 48,262,222,282,245,107,221,281,366,229,187, 63,365,228,186,253,159,136,  6,139,127,193, 79,  7]
[ 24, 62, 77, 80,  8, 31, 66,300,260, 50, 75, 90,106,247, 73, 89,227,368, 13,212,226,367, 11, 41,346, 31, 66,171,108, 81, 24, 62]
[ 23, 78, 10, 15,128,  4, 33,335,119, 71,172,328, 92, 25,371,135, 84,  9,140,129,215,179,336, 99,208,  4, 33, 93, 32, 16, 23, 78]
[ 54, 38, 58, 57, 17,  3,  2,151,308,220,360,143,284,192,230,275,277,185,326,268, 65,320,198,240, 51,  3,  2, 30, 14, 34, 54, 38]
[ 82, 85, 59, 29, 28, 20, 27, 37,168,358,124, 19,145,331,321,182,137,325, 88,175,270,132,289,154,263, 20, 27, 26, 60, 83, 82, 85]
[136,  6,139,127,193, 79,  7,197,357,169,313,189,330,146,181,322,324,138,280,316,131,271,152,291,121, 79,  7,  1, 94, 72,136,  6]
[ 31, 66,171,108, 81, 24, 62,237,219,180,142,363,323,285,141,102,113, 68,370,225,183,148,369,327,310, 24, 62, 77, 80,  8, 31, 66]
[  4, 33, 93, 32, 16, 23, 78, 10, 15,128,  4, 33, 93, 32, 16, 23, 78, 10, 15,128,  4, 33, 93, 32, 16, 23, 78, 10, 15,128,  4, 33]
[  3,  2, 30, 14, 34, 54, 38, 58, 57, 17,  3,  2, 30, 14, 34, 54, 38, 58, 57, 17,  3,  2, 30, 14, 34, 54, 38, 58, 57, 17,  3,  2]
[ 20, 27, 26, 60, 83, 82, 85, 59, 29, 28, 20, 27, 26, 60, 83, 82, 85, 59, 29, 28, 20, 27, 26, 60, 83, 82, 85, 59, 29, 28, 20, 27]
[ 79,  7,  1, 94, 72,136,  6,139,127,193, 79,  7,  1, 94, 72,136,  6,139,127,193, 79,  7,  1, 94, 72,136,  6,139,127,193, 79,  7]
[ 24, 62, 77, 80,  8, 31, 66,171,108, 81, 24, 62, 77, 80,  8, 31, 66,171,108, 81, 24, 62, 77, 80,  8, 31, 66,171,108, 81, 24, 62]
[ 23, 78, 10, 15,128,  4, 33, 93, 32, 16, 23, 78, 10, 15,128,  4, 33, 93, 32, 16, 23, 78, 10, 15,128,  4, 33, 93, 32, 16, 23, 78]
[ 54, 38, 58, 57, 17,  3,  2, 30, 14, 34, 54, 38, 58, 57, 17,  3,  2, 30, 14, 34, 54, 38, 58, 57, 17,  3,  2, 30, 14, 34, 54, 38]
