[d, p, q] = [30, 6, 24]
256,0,656,96,16
Degree Spatial distribution
[2, 2, 2, 2, 2, 2, 3, 3, 2, 2, 2, 2, 2, 2, 2, 2, 2, 2, 2, 2, 2, 2, 2, 2, 3, 3, 2, 2, 2, 2, 2, 2]
[2, 2, 2, 2, 2, 2, 3, 3, 2, 2, 2, 2, 2, 2, 2, 2, 2, 2, 2, 2, 2, 2, 2, 2, 3, 3, 2, 2, 2, 2, 2, 2]
[2, 2, 2, 2, 2, 2, 3, 3, 2, 2, 2, 2, 2, 2, 2, 2, 2, 2, 2, 2, 2, 2, 2, 2, 3, 3, 2, 2, 2, 2, 2, 2]
[2, 2, 2, 2, 2, 2, 3, 3, 2, 2, 2, 2, 2, 2, 2, 2, 2, 2, 2, 2, 2, 2, 2, 2, 3, 3, 2, 2, 2, 2, 2, 2]
[2, 2, 2, 2, 2, 2, 3, 3, 2, 2, 2, 2, 2, 2, 2, 2, 2, 2, 2, 2, 2, 2, 2, 2, 3, 3, 2, 2, 2, 2, 2, 2]
[2, 2, 2, 2, 2, 2, 3, 3, 2, 2, 2, 2, 2, 2, 2, 2, 2, 2, 2, 2, 2, 2, 2, 2, 3, 3, 2, 2, 2, 2, 2, 2]
[3, 3, 3, 3, 3, 3, 4, 4, 2, 2, 2, 2, 2, 2, 2, 2, 2, 2, 2, 2, 2, 2, 2, 2, 4, 4, 3, 3, 3, 3, 3, 3]
[3, 3, 3, 3, 3, 3, 4, 4, 2, 2, 2, 2, 2, 2, 2, 2, 2, 2, 2, 2, 2, 2, 2, 2, 4, 4, 3, 3, 3, 3, 3, 3]
[2, 2, 2, 2, 2, 2, 2, 2, 0, 0, 0, 0, 0, 0, 0, 0, 0, 0, 0, 0, 0, 0, 0, 0, 2, 2, 2, 2, 2, 2, 2, 2]
[2, 2, 2, 2, 2, 2, 2, 2, 0, 0, 0, 0, 0, 0, 0, 0, 0, 0, 0, 0, 0, 0, 0, 0, 2, 2, 2, 2, 2, 2, 2, 2]
[2, 2, 2, 2, 2, 2, 2, 2, 0, 0, 0, 0, 0, 0, 0, 0, 0, 0, 0, 0, 0, 0, 0, 0, 2, 2, 2, 2, 2, 2, 2, 2]
[2, 2, 2, 2, 2, 2, 2, 2, 0, 0, 0, 0, 0, 0, 0, 0, 0, 0, 0, 0, 0, 0, 0, 0, 2, 2, 2, 2, 2, 2, 2, 2]
[2, 2, 2, 2, 2, 2, 2, 2, 0, 0, 0, 0, 0, 0, 0, 0, 0, 0, 0, 0, 0, 0, 0, 0, 2, 2, 2, 2, 2, 2, 2, 2]
[2, 2, 2, 2, 2, 2, 2, 2, 0, 0, 0, 0, 0, 0, 0, 0, 0, 0, 0, 0, 0, 0, 0, 0, 2, 2, 2, 2, 2, 2, 2, 2]
[2, 2, 2, 2, 2, 2, 2, 2, 0, 0, 0, 0, 0, 0, 0, 0, 0, 0, 0, 0, 0, 0, 0, 0, 2, 2, 2, 2, 2, 2, 2, 2]
[2, 2, 2, 2, 2, 2, 2, 2, 0, 0, 0, 0, 0, 0, 0, 0, 0, 0, 0, 0, 0, 0, 0, 0, 2, 2, 2, 2, 2, 2, 2, 2]
[2, 2, 2, 2, 2, 2, 2, 2, 0, 0, 0, 0, 0, 0, 0, 0, 0, 0, 0, 0, 0, 0, 0, 0, 2, 2, 2, 2, 2, 2, 2, 2]
[2, 2, 2, 2, 2, 2, 2, 2, 0, 0, 0, 0, 0, 0, 0, 0, 0, 0, 0, 0, 0, 0, 0, 0, 2, 2, 2, 2, 2, 2, 2, 2]
[2, 2, 2, 2, 2, 2, 2, 2, 0, 0, 0, 0, 0, 0, 0, 0, 0, 0, 0, 0, 0, 0, 0, 0, 2, 2, 2, 2, 2, 2, 2, 2]
[2, 2, 2, 2, 2, 2, 2, 2, 0, 0, 0, 0, 0, 0, 0, 0, 0, 0, 0, 0, 0, 0, 0, 0, 2, 2, 2, 2, 2, 2, 2, 2]
[2, 2, 2, 2, 2, 2, 2, 2, 0, 0, 0, 0, 0, 0, 0, 0, 0, 0, 0, 0, 0, 0, 0, 0, 2, 2, 2, 2, 2, 2, 2, 2]
[2, 2, 2, 2, 2, 2, 2, 2, 0, 0, 0, 0, 0, 0, 0, 0, 0, 0, 0, 0, 0, 0, 0, 0, 2, 2, 2, 2, 2, 2, 2, 2]
[2, 2, 2, 2, 2, 2, 2, 2, 0, 0, 0, 0, 0, 0, 0, 0, 0, 0, 0, 0, 0, 0, 0, 0, 2, 2, 2, 2, 2, 2, 2, 2]
[2, 2, 2, 2, 2, 2, 2, 2, 0, 0, 0, 0, 0, 0, 0, 0, 0, 0, 0, 0, 0, 0, 0, 0, 2, 2, 2, 2, 2, 2, 2, 2]
[3, 3, 3, 3, 3, 3, 4, 4, 2, 2, 2, 2, 2, 2, 2, 2, 2, 2, 2, 2, 2, 2, 2, 2, 4, 4, 3, 3, 3, 3, 3, 3]
[3, 3, 3, 3, 3, 3, 4, 4, 2, 2, 2, 2, 2, 2, 2, 2, 2, 2, 2, 2, 2, 2, 2, 2, 4, 4, 3, 3, 3, 3, 3, 3]
[2, 2, 2, 2, 2, 2, 3, 3, 2, 2, 2, 2, 2, 2, 2, 2, 2, 2, 2, 2, 2, 2, 2, 2, 3, 3, 2, 2, 2, 2, 2, 2]
[2, 2, 2, 2, 2, 2, 3, 3, 2, 2, 2, 2, 2, 2, 2, 2, 2, 2, 2, 2, 2, 2, 2, 2, 3, 3, 2, 2, 2, 2, 2, 2]
[2, 2, 2, 2, 2, 2, 3, 3, 2, 2, 2, 2, 2, 2, 2, 2, 2, 2, 2, 2, 2, 2, 2, 2, 3, 3, 2, 2, 2, 2, 2, 2]
[2, 2, 2, 2, 2, 2, 3, 3, 2, 2, 2, 2, 2, 2, 2, 2, 2, 2, 2, 2, 2, 2, 2, 2, 3, 3, 2, 2, 2, 2, 2, 2]
[2, 2, 2, 2, 2, 2, 3, 3, 2, 2, 2, 2, 2, 2, 2, 2, 2, 2, 2, 2, 2, 2, 2, 2, 3, 3, 2, 2, 2, 2, 2, 2]
[2, 2, 2, 2, 2, 2, 3, 3, 2, 2, 2, 2, 2, 2, 2, 2, 2, 2, 2, 2, 2, 2, 2, 2, 3, 3, 2, 2, 2, 2, 2, 2]
Edges: 832
Moves: 1664
Max Clique Size: 2
Number of Max Cliques: 1088
Number of Connected Components: 292
Connected Components Spatial Distribution
[ 72,  2, 23, 14, 30, 29, 72,  2, 23, 14, 30, 29, 72,  2, 23, 14, 30, 29, 72,  2, 23, 14, 30, 29, 72,  2, 23, 14, 30, 29, 72,  2]
[ 55, 10,  4, 26, 16,  3, 55, 10,  4, 26, 16,  3, 55, 10,  4, 26, 16,  3, 55, 10,  4, 26, 16,  3, 55, 10,  4, 26, 16,  3, 55, 10]
[ 19,112, 66, 25, 67, 13, 19,112, 66, 25, 67, 13, 19,112, 66, 25, 67, 13, 19,112, 66, 25, 67, 13, 19,112, 66, 25, 67, 13, 19,112]
[ 45,  1, 22, 81, 99, 82, 45,  1, 22, 81, 99, 82, 45,  1, 22, 81, 99, 82, 45,  1, 22, 81, 99, 82, 45,  1, 22, 81, 99, 82, 45,  1]
[  6,  8, 61,  7, 28, 51,  6,  8, 61,  7, 28, 51,  6,  8, 61,  7, 28, 51,  6,  8, 61,  7, 28, 51,  6,  8, 61,  7, 28, 51,  6,  8]
[ 18, 84, 15, 50, 27, 24, 18, 84, 15, 50, 27, 24, 18, 84, 15, 50, 27, 24, 18, 84, 15, 50, 27, 24, 18, 84, 15, 50, 27, 24, 18, 84]
[ 72,  2, 23, 14, 30, 29, 72,  2, 23, 14, 30, 29, 72,  2, 23, 14, 30, 29, 72,  2, 23, 14, 30, 29, 72,  2, 23, 14, 30, 29, 72,  2]
[ 55, 10,  4, 26, 16,  3, 55, 10,  4, 26, 16,  3, 55, 10,  4, 26, 16,  3, 55, 10,  4, 26, 16,  3, 55, 10,  4, 26, 16,  3, 55, 10]
[ 19,112, 66, 25, 67, 13, 19,112,226,197,168, 78, 47,285, 46,284,142,115, 86,114, 85, 54,227,198, 19,112, 66, 25, 67, 13, 19,112]
[ 45,  1, 22, 81, 99, 82, 45,  1,119, 39, 56,186,204,135,203,134,  5,222,234,221,233,167,120, 40, 45,  1, 22, 81, 99, 82, 45,  1]
[  6,  8, 61,  7, 28, 51,  6,  8,266,158,129,122, 95,246,272, 60,180, 73, 34,150,126,277,185,238,  6,  8, 61,  7, 28, 51,  6,  8]
[ 18, 84, 15, 50, 27, 24, 18, 84,156,268,279,229,243, 98,162,172, 71,181,192,260,276,127, 77, 90, 18, 84, 15, 50, 27, 24, 18, 84]
[ 72,  2, 23, 14, 30, 29, 72,  2, 37,278, 91,161,230,206,132,205,220,190,264,189,263,235, 38,121, 72,  2, 23, 14, 30, 29, 72,  2]
[ 55, 10,  4, 26, 16,  3, 55, 10,195,128,239,271,123, 49,282, 48,113, 32,154, 31,153, 87,196,228, 55, 10,  4, 26, 16,  3, 55, 10]
[ 19,112, 66, 25, 67, 13, 19,112, 88,237, 41,201,273,164, 94,245,259,151,224,232, 33,194,267,159, 19,112, 66, 25, 67, 13, 19,112]
[ 45,  1, 22, 81, 99, 82, 45,  1,236, 89,199, 43,163,274,242, 97,149,261,117, 83,191, 36,157,269, 45,  1, 22, 81, 99, 82, 45,  1]
[  6,  8, 61,  7, 28, 51,  6,  8,270,241,211,179,147,124,210,178,249,215,183,275,248,214,182,155,  6,  8, 61,  7, 28, 51,  6,  8]
[ 18, 84, 15, 50, 27, 24, 18, 84,160, 93,104,292, 20,231,103,291,138, 64, 75,125,137, 63, 74,265, 18, 84, 15, 50, 27, 24, 18, 84]
[ 72,  2, 23, 14, 30, 29, 72,  2, 42,202,171,218,187, 80,170,217,287,176,145, 52,286,175,144,193, 72,  2, 23, 14, 30, 29, 72,  2]
[ 55, 10,  4, 26, 16,  3, 55, 10,200, 44, 59, 69, 79,188, 58, 68,174,289, 12,165,173,288, 11, 35, 55, 10,  4, 26, 16,  3, 55, 10]
[ 19,112, 66, 25, 67, 13, 19,112, 92, 57,133,256, 70, 21,290,105, 62,  9,108,100,166,139,262, 76, 19,112, 66, 25, 67, 13, 19,112]
[ 45,  1, 22, 81, 99, 82, 45,  1,240,169,283,109,219,148,177,212,213,143,255,207, 53,250,152,184, 45,  1, 22, 81, 99, 82, 45,  1]
[  6,  8, 61,  7, 28, 51,  6,  8,130,281, 96, 17,110,258,251,141,106,254, 65,136,208,102,223,118,  6,  8, 61,  7, 28, 51,  6,  8]
[ 18, 84, 15, 50, 27, 24, 18, 84,280,131,244,146,257,111,140,252,253,107,216,247,101,209,116,225, 18, 84, 15, 50, 27, 24, 18, 84]
[ 72,  2, 23, 14, 30, 29, 72,  2, 23, 14, 30, 29, 72,  2, 23, 14, 30, 29, 72,  2, 23, 14, 30, 29, 72,  2, 23, 14, 30, 29, 72,  2]
[ 55, 10,  4, 26, 16,  3, 55, 10,  4, 26, 16,  3, 55, 10,  4, 26, 16,  3, 55, 10,  4, 26, 16,  3, 55, 10,  4, 26, 16,  3, 55, 10]
[ 19,112, 66, 25, 67, 13, 19,112, 66, 25, 67, 13, 19,112, 66, 25, 67, 13, 19,112, 66, 25, 67, 13, 19,112, 66, 25, 67, 13, 19,112]
[ 45,  1, 22, 81, 99, 82, 45,  1, 22, 81, 99, 82, 45,  1, 22, 81, 99, 82, 45,  1, 22, 81, 99, 82, 45,  1, 22, 81, 99, 82, 45,  1]
[  6,  8, 61,  7, 28, 51,  6,  8, 61,  7, 28, 51,  6,  8, 61,  7, 28, 51,  6,  8, 61,  7, 28, 51,  6,  8, 61,  7, 28, 51,  6,  8]
[ 18, 84, 15, 50, 27, 24, 18, 84, 15, 50, 27, 24, 18, 84, 15, 50, 27, 24, 18, 84, 15, 50, 27, 24, 18, 84, 15, 50, 27, 24, 18, 84]
[ 72,  2, 23, 14, 30, 29, 72,  2, 23, 14, 30, 29, 72,  2, 23, 14, 30, 29, 72,  2, 23, 14, 30, 29, 72,  2, 23, 14, 30, 29, 72,  2]
[ 55, 10,  4, 26, 16,  3, 55, 10,  4, 26, 16,  3, 55, 10,  4, 26, 16,  3, 55, 10,  4, 26, 16,  3, 55, 10,  4, 26, 16,  3, 55, 10]
