[d, p, q] = [30, 8, 22]
144,0,736,128,16
Degree Spatial distribution
[2, 2, 2, 2, 2, 2, 2, 2, 3, 3, 2, 2, 2, 2, 2, 2, 2, 2, 2, 2, 2, 2, 3, 3, 2, 2, 2, 2, 2, 2, 2, 2]
[2, 2, 2, 2, 2, 2, 2, 2, 3, 3, 2, 2, 2, 2, 2, 2, 2, 2, 2, 2, 2, 2, 3, 3, 2, 2, 2, 2, 2, 2, 2, 2]
[2, 2, 2, 2, 2, 2, 2, 2, 3, 3, 2, 2, 2, 2, 2, 2, 2, 2, 2, 2, 2, 2, 3, 3, 2, 2, 2, 2, 2, 2, 2, 2]
[2, 2, 2, 2, 2, 2, 2, 2, 3, 3, 2, 2, 2, 2, 2, 2, 2, 2, 2, 2, 2, 2, 3, 3, 2, 2, 2, 2, 2, 2, 2, 2]
[2, 2, 2, 2, 2, 2, 2, 2, 3, 3, 2, 2, 2, 2, 2, 2, 2, 2, 2, 2, 2, 2, 3, 3, 2, 2, 2, 2, 2, 2, 2, 2]
[2, 2, 2, 2, 2, 2, 2, 2, 3, 3, 2, 2, 2, 2, 2, 2, 2, 2, 2, 2, 2, 2, 3, 3, 2, 2, 2, 2, 2, 2, 2, 2]
[2, 2, 2, 2, 2, 2, 2, 2, 3, 3, 2, 2, 2, 2, 2, 2, 2, 2, 2, 2, 2, 2, 3, 3, 2, 2, 2, 2, 2, 2, 2, 2]
[2, 2, 2, 2, 2, 2, 2, 2, 3, 3, 2, 2, 2, 2, 2, 2, 2, 2, 2, 2, 2, 2, 3, 3, 2, 2, 2, 2, 2, 2, 2, 2]
[3, 3, 3, 3, 3, 3, 3, 3, 4, 4, 2, 2, 2, 2, 2, 2, 2, 2, 2, 2, 2, 2, 4, 4, 3, 3, 3, 3, 3, 3, 3, 3]
[3, 3, 3, 3, 3, 3, 3, 3, 4, 4, 2, 2, 2, 2, 2, 2, 2, 2, 2, 2, 2, 2, 4, 4, 3, 3, 3, 3, 3, 3, 3, 3]
[2, 2, 2, 2, 2, 2, 2, 2, 2, 2, 0, 0, 0, 0, 0, 0, 0, 0, 0, 0, 0, 0, 2, 2, 2, 2, 2, 2, 2, 2, 2, 2]
[2, 2, 2, 2, 2, 2, 2, 2, 2, 2, 0, 0, 0, 0, 0, 0, 0, 0, 0, 0, 0, 0, 2, 2, 2, 2, 2, 2, 2, 2, 2, 2]
[2, 2, 2, 2, 2, 2, 2, 2, 2, 2, 0, 0, 0, 0, 0, 0, 0, 0, 0, 0, 0, 0, 2, 2, 2, 2, 2, 2, 2, 2, 2, 2]
[2, 2, 2, 2, 2, 2, 2, 2, 2, 2, 0, 0, 0, 0, 0, 0, 0, 0, 0, 0, 0, 0, 2, 2, 2, 2, 2, 2, 2, 2, 2, 2]
[2, 2, 2, 2, 2, 2, 2, 2, 2, 2, 0, 0, 0, 0, 0, 0, 0, 0, 0, 0, 0, 0, 2, 2, 2, 2, 2, 2, 2, 2, 2, 2]
[2, 2, 2, 2, 2, 2, 2, 2, 2, 2, 0, 0, 0, 0, 0, 0, 0, 0, 0, 0, 0, 0, 2, 2, 2, 2, 2, 2, 2, 2, 2, 2]
[2, 2, 2, 2, 2, 2, 2, 2, 2, 2, 0, 0, 0, 0, 0, 0, 0, 0, 0, 0, 0, 0, 2, 2, 2, 2, 2, 2, 2, 2, 2, 2]
[2, 2, 2, 2, 2, 2, 2, 2, 2, 2, 0, 0, 0, 0, 0, 0, 0, 0, 0, 0, 0, 0, 2, 2, 2, 2, 2, 2, 2, 2, 2, 2]
[2, 2, 2, 2, 2, 2, 2, 2, 2, 2, 0, 0, 0, 0, 0, 0, 0, 0, 0, 0, 0, 0, 2, 2, 2, 2, 2, 2, 2, 2, 2, 2]
[2, 2, 2, 2, 2, 2, 2, 2, 2, 2, 0, 0, 0, 0, 0, 0, 0, 0, 0, 0, 0, 0, 2, 2, 2, 2, 2, 2, 2, 2, 2, 2]
[2, 2, 2, 2, 2, 2, 2, 2, 2, 2, 0, 0, 0, 0, 0, 0, 0, 0, 0, 0, 0, 0, 2, 2, 2, 2, 2, 2, 2, 2, 2, 2]
[2, 2, 2, 2, 2, 2, 2, 2, 2, 2, 0, 0, 0, 0, 0, 0, 0, 0, 0, 0, 0, 0, 2, 2, 2, 2, 2, 2, 2, 2, 2, 2]
[3, 3, 3, 3, 3, 3, 3, 3, 4, 4, 2, 2, 2, 2, 2, 2, 2, 2, 2, 2, 2, 2, 4, 4, 3, 3, 3, 3, 3, 3, 3, 3]
[3, 3, 3, 3, 3, 3, 3, 3, 4, 4, 2, 2, 2, 2, 2, 2, 2, 2, 2, 2, 2, 2, 4, 4, 3, 3, 3, 3, 3, 3, 3, 3]
[2, 2, 2, 2, 2, 2, 2, 2, 3, 3, 2, 2, 2, 2, 2, 2, 2, 2, 2, 2, 2, 2, 3, 3, 2, 2, 2, 2, 2, 2, 2, 2]
[2, 2, 2, 2, 2, 2, 2, 2, 3, 3, 2, 2, 2, 2, 2, 2, 2, 2, 2, 2, 2, 2, 3, 3, 2, 2, 2, 2, 2, 2, 2, 2]
[2, 2, 2, 2, 2, 2, 2, 2, 3, 3, 2, 2, 2, 2, 2, 2, 2, 2, 2, 2, 2, 2, 3, 3, 2, 2, 2, 2, 2, 2, 2, 2]
[2, 2, 2, 2, 2, 2, 2, 2, 3, 3, 2, 2, 2, 2, 2, 2, 2, 2, 2, 2, 2, 2, 3, 3, 2, 2, 2, 2, 2, 2, 2, 2]
[2, 2, 2, 2, 2, 2, 2, 2, 3, 3, 2, 2, 2, 2, 2, 2, 2, 2, 2, 2, 2, 2, 3, 3, 2, 2, 2, 2, 2, 2, 2, 2]
[2, 2, 2, 2, 2, 2, 2, 2, 3, 3, 2, 2, 2, 2, 2, 2, 2, 2, 2, 2, 2, 2, 3, 3, 2, 2, 2, 2, 2, 2, 2, 2]
[2, 2, 2, 2, 2, 2, 2, 2, 3, 3, 2, 2, 2, 2, 2, 2, 2, 2, 2, 2, 2, 2, 3, 3, 2, 2, 2, 2, 2, 2, 2, 2]
[2, 2, 2, 2, 2, 2, 2, 2, 3, 3, 2, 2, 2, 2, 2, 2, 2, 2, 2, 2, 2, 2, 3, 3, 2, 2, 2, 2, 2, 2, 2, 2]
Edges: 960
Moves: 1920
Max Clique Size: 2
Number of Max Cliques: 1104
Number of Connected Components: 148
Connected Components Spatial Distribution
[  4,  2,  4,  2,  4,  2,  4,  2,  4,  2,  4,  2,  4,  2,  4,  2,  4,  2,  4,  2,  4,  2,  4,  2,  4,  2,  4,  2,  4,  2,  4,  2]
[  3,  1,  3,  1,  3,  1,  3,  1,  3,  1,  3,  1,  3,  1,  3,  1,  3,  1,  3,  1,  3,  1,  3,  1,  3,  1,  3,  1,  3,  1,  3,  1]
[  4,  2,  4,  2,  4,  2,  4,  2,  4,  2,  4,  2,  4,  2,  4,  2,  4,  2,  4,  2,  4,  2,  4,  2,  4,  2,  4,  2,  4,  2,  4,  2]
[  3,  1,  3,  1,  3,  1,  3,  1,  3,  1,  3,  1,  3,  1,  3,  1,  3,  1,  3,  1,  3,  1,  3,  1,  3,  1,  3,  1,  3,  1,  3,  1]
[  4,  2,  4,  2,  4,  2,  4,  2,  4,  2,  4,  2,  4,  2,  4,  2,  4,  2,  4,  2,  4,  2,  4,  2,  4,  2,  4,  2,  4,  2,  4,  2]
[  3,  1,  3,  1,  3,  1,  3,  1,  3,  1,  3,  1,  3,  1,  3,  1,  3,  1,  3,  1,  3,  1,  3,  1,  3,  1,  3,  1,  3,  1,  3,  1]
[  4,  2,  4,  2,  4,  2,  4,  2,  4,  2,  4,  2,  4,  2,  4,  2,  4,  2,  4,  2,  4,  2,  4,  2,  4,  2,  4,  2,  4,  2,  4,  2]
[  3,  1,  3,  1,  3,  1,  3,  1,  3,  1,  3,  1,  3,  1,  3,  1,  3,  1,  3,  1,  3,  1,  3,  1,  3,  1,  3,  1,  3,  1,  3,  1]
[  4,  2,  4,  2,  4,  2,  4,  2,  4,  2,  4,  2,  4,  2,  4,  2,  4,  2,  4,  2,  4,  2,  4,  2,  4,  2,  4,  2,  4,  2,  4,  2]
[  3,  1,  3,  1,  3,  1,  3,  1,  3,  1,  3,  1,  3,  1,  3,  1,  3,  1,  3,  1,  3,  1,  3,  1,  3,  1,  3,  1,  3,  1,  3,  1]
[  4,  2,  4,  2,  4,  2,  4,  2,  4,  2, 55, 49, 38,121,133, 22, 86, 30, 12, 66, 53,138,  4,  2,  4,  2,  4,  2,  4,  2,  4,  2]
[  3,  1,  3,  1,  3,  1,  3,  1,  3,  1,139,112,119, 40, 71, 78, 29, 87, 94,128,137, 54,  3,  1,  3,  1,  3,  1,  3,  1,  3,  1]
[  4,  2,  4,  2,  4,  2,  4,  2,  4,  2, 36, 70,113, 99, 56, 98,110, 92,131, 91,130,116,  4,  2,  4,  2,  4,  2,  4,  2,  4,  2]
[  3,  1,  3,  1,  3,  1,  3,  1,  3,  1,117,132, 50, 17,140, 16, 47, 10, 69,  9, 68, 35,  3,  1,  3,  1,  3,  1,  3,  1,  3,  1]
[  4,  2,  4,  2,  4,  2,  4,  2,  4,  2, 14, 97,134, 73, 37,120,127, 67,111,115, 11, 95,  4,  2,  4,  2,  4,  2,  4,  2,  4,  2]
[  3,  1,  3,  1,  3,  1,  3,  1,  3,  1, 96, 15, 72,135,118, 39, 65,129, 48, 34, 93, 13,  3,  1,  3,  1,  3,  1,  3,  1,  3,  1]
[  4,  2,  4,  2,  4,  2,  4,  2,  4,  2,102, 85, 63, 51,101, 84,123,106, 88,136,122,105,  4,  2,  4,  2,  4,  2,  4,  2,  4,  2]
[  3,  1,  3,  1,  3,  1,  3,  1,  3,  1, 43,148,  7,114, 42,147, 59, 25, 31, 52, 58, 24,  3,  1,  3,  1,  3,  1,  3,  1,  3,  1]
[  4,  2,  4,  2,  4,  2,  4,  2,  4,  2, 77,108, 89, 33, 76,107,143, 82, 62, 18,142, 81,  4,  2,  4,  2,  4,  2,  4,  2,  4,  2]
[  3,  1,  3,  1,  3,  1,  3,  1,  3,  1, 21, 27, 32, 90, 20, 26, 80,145,  6, 74, 79,144,  3,  1,  3,  1,  3,  1,  3,  1,  3,  1]
[  4,  2,  4,  2,  4,  2,  4,  2,  4,  2, 57,126, 28,  8,146, 44, 23,  5, 45, 41, 75, 60,  4,  2,  4,  2,  4,  2,  4,  2,  4,  2]
[  3,  1,  3,  1,  3,  1,  3,  1,  3,  1,141, 46,109, 64, 83,103,104, 61,125,100, 19,124,  3,  1,  3,  1,  3,  1,  3,  1,  3,  1]
[  4,  2,  4,  2,  4,  2,  4,  2,  4,  2,  4,  2,  4,  2,  4,  2,  4,  2,  4,  2,  4,  2,  4,  2,  4,  2,  4,  2,  4,  2,  4,  2]
[  3,  1,  3,  1,  3,  1,  3,  1,  3,  1,  3,  1,  3,  1,  3,  1,  3,  1,  3,  1,  3,  1,  3,  1,  3,  1,  3,  1,  3,  1,  3,  1]
[  4,  2,  4,  2,  4,  2,  4,  2,  4,  2,  4,  2,  4,  2,  4,  2,  4,  2,  4,  2,  4,  2,  4,  2,  4,  2,  4,  2,  4,  2,  4,  2]
[  3,  1,  3,  1,  3,  1,  3,  1,  3,  1,  3,  1,  3,  1,  3,  1,  3,  1,  3,  1,  3,  1,  3,  1,  3,  1,  3,  1,  3,  1,  3,  1]
[  4,  2,  4,  2,  4,  2,  4,  2,  4,  2,  4,  2,  4,  2,  4,  2,  4,  2,  4,  2,  4,  2,  4,  2,  4,  2,  4,  2,  4,  2,  4,  2]
[  3,  1,  3,  1,  3,  1,  3,  1,  3,  1,  3,  1,  3,  1,  3,  1,  3,  1,  3,  1,  3,  1,  3,  1,  3,  1,  3,  1,  3,  1,  3,  1]
[  4,  2,  4,  2,  4,  2,  4,  2,  4,  2,  4,  2,  4,  2,  4,  2,  4,  2,  4,  2,  4,  2,  4,  2,  4,  2,  4,  2,  4,  2,  4,  2]
[  3,  1,  3,  1,  3,  1,  3,  1,  3,  1,  3,  1,  3,  1,  3,  1,  3,  1,  3,  1,  3,  1,  3,  1,  3,  1,  3,  1,  3,  1,  3,  1]
[  4,  2,  4,  2,  4,  2,  4,  2,  4,  2,  4,  2,  4,  2,  4,  2,  4,  2,  4,  2,  4,  2,  4,  2,  4,  2,  4,  2,  4,  2,  4,  2]
[  3,  1,  3,  1,  3,  1,  3,  1,  3,  1,  3,  1,  3,  1,  3,  1,  3,  1,  3,  1,  3,  1,  3,  1,  3,  1,  3,  1,  3,  1,  3,  1]
