[d, p, q] = [30, 9, 21]
100,0,764,144,16
Degree Spatial distribution
[2, 2, 2, 2, 2, 2, 2, 2, 2, 3, 3, 2, 2, 2, 2, 2, 2, 2, 2, 2, 2, 3, 3, 2, 2, 2, 2, 2, 2, 2, 2, 2]
[2, 2, 2, 2, 2, 2, 2, 2, 2, 3, 3, 2, 2, 2, 2, 2, 2, 2, 2, 2, 2, 3, 3, 2, 2, 2, 2, 2, 2, 2, 2, 2]
[2, 2, 2, 2, 2, 2, 2, 2, 2, 3, 3, 2, 2, 2, 2, 2, 2, 2, 2, 2, 2, 3, 3, 2, 2, 2, 2, 2, 2, 2, 2, 2]
[2, 2, 2, 2, 2, 2, 2, 2, 2, 3, 3, 2, 2, 2, 2, 2, 2, 2, 2, 2, 2, 3, 3, 2, 2, 2, 2, 2, 2, 2, 2, 2]
[2, 2, 2, 2, 2, 2, 2, 2, 2, 3, 3, 2, 2, 2, 2, 2, 2, 2, 2, 2, 2, 3, 3, 2, 2, 2, 2, 2, 2, 2, 2, 2]
[2, 2, 2, 2, 2, 2, 2, 2, 2, 3, 3, 2, 2, 2, 2, 2, 2, 2, 2, 2, 2, 3, 3, 2, 2, 2, 2, 2, 2, 2, 2, 2]
[2, 2, 2, 2, 2, 2, 2, 2, 2, 3, 3, 2, 2, 2, 2, 2, 2, 2, 2, 2, 2, 3, 3, 2, 2, 2, 2, 2, 2, 2, 2, 2]
[2, 2, 2, 2, 2, 2, 2, 2, 2, 3, 3, 2, 2, 2, 2, 2, 2, 2, 2, 2, 2, 3, 3, 2, 2, 2, 2, 2, 2, 2, 2, 2]
[2, 2, 2, 2, 2, 2, 2, 2, 2, 3, 3, 2, 2, 2, 2, 2, 2, 2, 2, 2, 2, 3, 3, 2, 2, 2, 2, 2, 2, 2, 2, 2]
[3, 3, 3, 3, 3, 3, 3, 3, 3, 4, 4, 2, 2, 2, 2, 2, 2, 2, 2, 2, 2, 4, 4, 3, 3, 3, 3, 3, 3, 3, 3, 3]
[3, 3, 3, 3, 3, 3, 3, 3, 3, 4, 4, 2, 2, 2, 2, 2, 2, 2, 2, 2, 2, 4, 4, 3, 3, 3, 3, 3, 3, 3, 3, 3]
[2, 2, 2, 2, 2, 2, 2, 2, 2, 2, 2, 0, 0, 0, 0, 0, 0, 0, 0, 0, 0, 2, 2, 2, 2, 2, 2, 2, 2, 2, 2, 2]
[2, 2, 2, 2, 2, 2, 2, 2, 2, 2, 2, 0, 0, 0, 0, 0, 0, 0, 0, 0, 0, 2, 2, 2, 2, 2, 2, 2, 2, 2, 2, 2]
[2, 2, 2, 2, 2, 2, 2, 2, 2, 2, 2, 0, 0, 0, 0, 0, 0, 0, 0, 0, 0, 2, 2, 2, 2, 2, 2, 2, 2, 2, 2, 2]
[2, 2, 2, 2, 2, 2, 2, 2, 2, 2, 2, 0, 0, 0, 0, 0, 0, 0, 0, 0, 0, 2, 2, 2, 2, 2, 2, 2, 2, 2, 2, 2]
[2, 2, 2, 2, 2, 2, 2, 2, 2, 2, 2, 0, 0, 0, 0, 0, 0, 0, 0, 0, 0, 2, 2, 2, 2, 2, 2, 2, 2, 2, 2, 2]
[2, 2, 2, 2, 2, 2, 2, 2, 2, 2, 2, 0, 0, 0, 0, 0, 0, 0, 0, 0, 0, 2, 2, 2, 2, 2, 2, 2, 2, 2, 2, 2]
[2, 2, 2, 2, 2, 2, 2, 2, 2, 2, 2, 0, 0, 0, 0, 0, 0, 0, 0, 0, 0, 2, 2, 2, 2, 2, 2, 2, 2, 2, 2, 2]
[2, 2, 2, 2, 2, 2, 2, 2, 2, 2, 2, 0, 0, 0, 0, 0, 0, 0, 0, 0, 0, 2, 2, 2, 2, 2, 2, 2, 2, 2, 2, 2]
[2, 2, 2, 2, 2, 2, 2, 2, 2, 2, 2, 0, 0, 0, 0, 0, 0, 0, 0, 0, 0, 2, 2, 2, 2, 2, 2, 2, 2, 2, 2, 2]
[2, 2, 2, 2, 2, 2, 2, 2, 2, 2, 2, 0, 0, 0, 0, 0, 0, 0, 0, 0, 0, 2, 2, 2, 2, 2, 2, 2, 2, 2, 2, 2]
[3, 3, 3, 3, 3, 3, 3, 3, 3, 4, 4, 2, 2, 2, 2, 2, 2, 2, 2, 2, 2, 4, 4, 3, 3, 3, 3, 3, 3, 3, 3, 3]
[3, 3, 3, 3, 3, 3, 3, 3, 3, 4, 4, 2, 2, 2, 2, 2, 2, 2, 2, 2, 2, 4, 4, 3, 3, 3, 3, 3, 3, 3, 3, 3]
[2, 2, 2, 2, 2, 2, 2, 2, 2, 3, 3, 2, 2, 2, 2, 2, 2, 2, 2, 2, 2, 3, 3, 2, 2, 2, 2, 2, 2, 2, 2, 2]
[2, 2, 2, 2, 2, 2, 2, 2, 2, 3, 3, 2, 2, 2, 2, 2, 2, 2, 2, 2, 2, 3, 3, 2, 2, 2, 2, 2, 2, 2, 2, 2]
[2, 2, 2, 2, 2, 2, 2, 2, 2, 3, 3, 2, 2, 2, 2, 2, 2, 2, 2, 2, 2, 3, 3, 2, 2, 2, 2, 2, 2, 2, 2, 2]
[2, 2, 2, 2, 2, 2, 2, 2, 2, 3, 3, 2, 2, 2, 2, 2, 2, 2, 2, 2, 2, 3, 3, 2, 2, 2, 2, 2, 2, 2, 2, 2]
[2, 2, 2, 2, 2, 2, 2, 2, 2, 3, 3, 2, 2, 2, 2, 2, 2, 2, 2, 2, 2, 3, 3, 2, 2, 2, 2, 2, 2, 2, 2, 2]
[2, 2, 2, 2, 2, 2, 2, 2, 2, 3, 3, 2, 2, 2, 2, 2, 2, 2, 2, 2, 2, 3, 3, 2, 2, 2, 2, 2, 2, 2, 2, 2]
[2, 2, 2, 2, 2, 2, 2, 2, 2, 3, 3, 2, 2, 2, 2, 2, 2, 2, 2, 2, 2, 3, 3, 2, 2, 2, 2, 2, 2, 2, 2, 2]
[2, 2, 2, 2, 2, 2, 2, 2, 2, 3, 3, 2, 2, 2, 2, 2, 2, 2, 2, 2, 2, 3, 3, 2, 2, 2, 2, 2, 2, 2, 2, 2]
[2, 2, 2, 2, 2, 2, 2, 2, 2, 3, 3, 2, 2, 2, 2, 2, 2, 2, 2, 2, 2, 3, 3, 2, 2, 2, 2, 2, 2, 2, 2, 2]
Edges: 1012
Moves: 2024
Max Clique Size: 2
Number of Max Cliques: 1112
Number of Connected Components: 134
Connected Components Spatial Distribution
[ 30,  2, 20, 12,  1, 19, 30,  2, 20, 12,  1, 19, 30,  2, 20, 12,  1, 19, 30,  2, 20, 12,  1, 19, 30,  2, 20, 12,  1, 19, 30,  2]
[  6, 23,  4,  5,  7,  3,  6, 23,  4,  5,  7,  3,  6, 23,  4,  5,  7,  3,  6, 23,  4,  5,  7,  3,  6, 23,  4,  5,  7,  3,  6, 23]
[ 15, 22, 25, 14, 31, 40, 15, 22, 25, 14, 31, 40, 15, 22, 43, 26, 51, 13, 15, 22, 25, 14, 31, 40, 15, 22, 25, 14, 31, 40, 15, 22]
[ 12,  1, 19, 30,  2, 20, 12,  1, 19, 30,  2, 20, 12,  1, 24, 69, 61, 53, 12,  1, 19, 30,  2, 20, 12,  1, 19, 30,  2, 20, 12,  1]
[  5,  7,  3,  6, 23,  4,  5,  7,  3,  6, 23,  4,  5,  7, 57, 17,  9, 38,  5,  7,  3,  6, 23,  4,  5,  7,  3,  6, 23,  4,  5,  7]
[ 14, 31, 40, 15, 22, 43, 26, 51, 13, 15, 22, 25, 14, 31, 11, 35, 37, 21, 14, 31, 40, 15, 22, 43, 26, 51, 13, 15, 22, 25, 14, 31]
[ 30,  2, 20, 12,  1, 24, 69, 61, 53, 12,  1, 19, 30,  2, 20, 12,  1, 19, 30,  2, 20, 12,  1, 24, 69, 61, 53, 12,  1, 19, 30,  2]
[  6, 23,  4,  5,  7, 57, 17,  9, 38,  5,  7,  3,  6, 23,  4,  5,  7,  3,  6, 23,  4,  5,  7, 57, 17,  9, 38,  5,  7,  3,  6, 23]
[ 15, 22, 25, 14, 31, 11, 35, 37, 21, 14, 31, 40, 15, 22, 25, 14, 31, 40, 15, 22, 25, 14, 31, 11, 35, 37, 21, 14, 31, 40, 15, 22]
[ 12,  1, 19, 30,  2, 20, 12,  1, 19, 30,  2, 20, 12,  1, 19, 30,  2, 20, 12,  1, 19, 30,  2, 20, 12,  1, 19, 30,  2, 20, 12,  1]
[  5,  7,  3,  6, 23,  4,  5,  7,  3,  6, 23,  4,  5,  7,  3,  6, 23,  4,  5,  7,  3,  6, 23,  4,  5,  7,  3,  6, 23,  4,  5,  7]
[ 14, 31, 40, 15, 22, 25, 14, 31, 40, 15, 22,108,113, 56, 79, 85, 47, 91, 98,119,127, 15, 22, 25, 14, 31, 40, 15, 22, 25, 14, 31]
[ 30,  2, 20, 12,  1, 19, 30,  2, 20, 12,  1, 78,109,101, 68,100,106, 96,122, 95,121, 12,  1, 19, 30,  2, 20, 12,  1, 19, 30,  2]
[  6, 23,  4,  5,  7,  3,  6, 23,  4,  5,  7,123, 65, 34,128, 33, 63, 28, 77, 27, 76,  5,  7,  3,  6, 23,  4,  5,  7,  3,  6, 23]
[ 15, 22, 43, 26, 51, 13, 15, 22, 25, 14, 31, 99,124, 81, 54,114,118, 75,107,111, 29, 14, 31, 40, 15, 22, 43, 26, 51, 13, 15, 22]
[ 12,  1, 24, 69, 61, 53, 12,  1, 19, 30,  2, 32, 80,125,112, 55, 74,120, 64, 52, 97, 30,  2, 20, 12,  1, 24, 69, 61, 53, 12,  1]
[  5,  7, 57, 17,  9, 38,  5,  7,  3,  6, 23, 90, 73, 66,102, 89,116,103, 92,126,115,  6, 23,  4,  5,  7, 57, 17,  9, 38,  5,  7]
[ 14, 31, 11, 35, 37, 21, 14, 31, 40, 15, 22,134, 16,110, 59,133, 71, 42, 48, 67, 70, 15, 22, 25, 14, 31, 11, 35, 37, 21, 14, 31]
[ 30,  2, 20, 12,  1, 19, 30,  2, 20, 12,  1,105, 93, 50, 84,104,130, 88, 72, 36,129, 12,  1, 19, 30,  2, 20, 12,  1, 19, 30,  2]
[  6, 23,  4,  5,  7,  3,  6, 23,  4,  5,  7, 45, 49, 94, 39, 44, 87,131, 10, 82, 86,  5,  7,  3,  6, 23,  4,  5,  7,  3,  6, 23]
[ 15, 22, 25, 14, 31, 40, 15, 22, 25, 14, 31,117, 46, 18,132, 60, 41,  8, 62, 58, 83, 14, 31, 40, 15, 22, 25, 14, 31, 40, 15, 22]
[ 12,  1, 19, 30,  2, 20, 12,  1, 19, 30,  2, 20, 12,  1, 19, 30,  2, 20, 12,  1, 19, 30,  2, 20, 12,  1, 19, 30,  2, 20, 12,  1]
[  5,  7,  3,  6, 23,  4,  5,  7,  3,  6, 23,  4,  5,  7,  3,  6, 23,  4,  5,  7,  3,  6, 23,  4,  5,  7,  3,  6, 23,  4,  5,  7]
[ 14, 31, 40, 15, 22, 43, 26, 51, 13, 15, 22, 25, 14, 31, 40, 15, 22, 25, 14, 31, 40, 15, 22, 43, 26, 51, 13, 15, 22, 25, 14, 31]
[ 30,  2, 20, 12,  1, 24, 69, 61, 53, 12,  1, 19, 30,  2, 20, 12,  1, 19, 30,  2, 20, 12,  1, 24, 69, 61, 53, 12,  1, 19, 30,  2]
[  6, 23,  4,  5,  7, 57, 17,  9, 38,  5,  7,  3,  6, 23,  4,  5,  7,  3,  6, 23,  4,  5,  7, 57, 17,  9, 38,  5,  7,  3,  6, 23]
[ 15, 22, 25, 14, 31, 11, 35, 37, 21, 14, 31, 40, 15, 22, 43, 26, 51, 13, 15, 22, 25, 14, 31, 11, 35, 37, 21, 14, 31, 40, 15, 22]
[ 12,  1, 19, 30,  2, 20, 12,  1, 19, 30,  2, 20, 12,  1, 24, 69, 61, 53, 12,  1, 19, 30,  2, 20, 12,  1, 19, 30,  2, 20, 12,  1]
[  5,  7,  3,  6, 23,  4,  5,  7,  3,  6, 23,  4,  5,  7, 57, 17,  9, 38,  5,  7,  3,  6, 23,  4,  5,  7,  3,  6, 23,  4,  5,  7]
[ 14, 31, 40, 15, 22, 25, 14, 31, 40, 15, 22, 25, 14, 31, 11, 35, 37, 21, 14, 31, 40, 15, 22, 25, 14, 31, 40, 15, 22, 25, 14, 31]
[ 30,  2, 20, 12,  1, 19, 30,  2, 20, 12,  1, 19, 30,  2, 20, 12,  1, 19, 30,  2, 20, 12,  1, 19, 30,  2, 20, 12,  1, 19, 30,  2]
[  6, 23,  4,  5,  7,  3,  6, 23,  4,  5,  7,  3,  6, 23,  4,  5,  7,  3,  6, 23,  4,  5,  7,  3,  6, 23,  4,  5,  7,  3,  6, 23]
