[d, p, q] = [31, 14, 17]
4,0,904,112,4
Degree Spatial distribution
[2, 2, 2, 2, 2, 2, 2, 2, 2, 2, 2, 2, 2, 2, 3, 2, 2, 3, 2, 2, 2, 2, 2, 2, 2, 2, 2, 2, 2, 2, 2, 2]
[2, 2, 2, 2, 2, 2, 2, 2, 2, 2, 2, 2, 2, 2, 3, 2, 2, 3, 2, 2, 2, 2, 2, 2, 2, 2, 2, 2, 2, 2, 2, 2]
[2, 2, 2, 2, 2, 2, 2, 2, 2, 2, 2, 2, 2, 2, 3, 2, 2, 3, 2, 2, 2, 2, 2, 2, 2, 2, 2, 2, 2, 2, 2, 2]
[2, 2, 2, 2, 2, 2, 2, 2, 2, 2, 2, 2, 2, 2, 3, 2, 2, 3, 2, 2, 2, 2, 2, 2, 2, 2, 2, 2, 2, 2, 2, 2]
[2, 2, 2, 2, 2, 2, 2, 2, 2, 2, 2, 2, 2, 2, 3, 2, 2, 3, 2, 2, 2, 2, 2, 2, 2, 2, 2, 2, 2, 2, 2, 2]
[2, 2, 2, 2, 2, 2, 2, 2, 2, 2, 2, 2, 2, 2, 3, 2, 2, 3, 2, 2, 2, 2, 2, 2, 2, 2, 2, 2, 2, 2, 2, 2]
[2, 2, 2, 2, 2, 2, 2, 2, 2, 2, 2, 2, 2, 2, 3, 2, 2, 3, 2, 2, 2, 2, 2, 2, 2, 2, 2, 2, 2, 2, 2, 2]
[2, 2, 2, 2, 2, 2, 2, 2, 2, 2, 2, 2, 2, 2, 3, 2, 2, 3, 2, 2, 2, 2, 2, 2, 2, 2, 2, 2, 2, 2, 2, 2]
[2, 2, 2, 2, 2, 2, 2, 2, 2, 2, 2, 2, 2, 2, 3, 2, 2, 3, 2, 2, 2, 2, 2, 2, 2, 2, 2, 2, 2, 2, 2, 2]
[2, 2, 2, 2, 2, 2, 2, 2, 2, 2, 2, 2, 2, 2, 3, 2, 2, 3, 2, 2, 2, 2, 2, 2, 2, 2, 2, 2, 2, 2, 2, 2]
[2, 2, 2, 2, 2, 2, 2, 2, 2, 2, 2, 2, 2, 2, 3, 2, 2, 3, 2, 2, 2, 2, 2, 2, 2, 2, 2, 2, 2, 2, 2, 2]
[2, 2, 2, 2, 2, 2, 2, 2, 2, 2, 2, 2, 2, 2, 3, 2, 2, 3, 2, 2, 2, 2, 2, 2, 2, 2, 2, 2, 2, 2, 2, 2]
[2, 2, 2, 2, 2, 2, 2, 2, 2, 2, 2, 2, 2, 2, 3, 2, 2, 3, 2, 2, 2, 2, 2, 2, 2, 2, 2, 2, 2, 2, 2, 2]
[2, 2, 2, 2, 2, 2, 2, 2, 2, 2, 2, 2, 2, 2, 3, 2, 2, 3, 2, 2, 2, 2, 2, 2, 2, 2, 2, 2, 2, 2, 2, 2]
[3, 3, 3, 3, 3, 3, 3, 3, 3, 3, 3, 3, 3, 3, 4, 2, 2, 4, 3, 3, 3, 3, 3, 3, 3, 3, 3, 3, 3, 3, 3, 3]
[2, 2, 2, 2, 2, 2, 2, 2, 2, 2, 2, 2, 2, 2, 2, 0, 0, 2, 2, 2, 2, 2, 2, 2, 2, 2, 2, 2, 2, 2, 2, 2]
[2, 2, 2, 2, 2, 2, 2, 2, 2, 2, 2, 2, 2, 2, 2, 0, 0, 2, 2, 2, 2, 2, 2, 2, 2, 2, 2, 2, 2, 2, 2, 2]
[3, 3, 3, 3, 3, 3, 3, 3, 3, 3, 3, 3, 3, 3, 4, 2, 2, 4, 3, 3, 3, 3, 3, 3, 3, 3, 3, 3, 3, 3, 3, 3]
[2, 2, 2, 2, 2, 2, 2, 2, 2, 2, 2, 2, 2, 2, 3, 2, 2, 3, 2, 2, 2, 2, 2, 2, 2, 2, 2, 2, 2, 2, 2, 2]
[2, 2, 2, 2, 2, 2, 2, 2, 2, 2, 2, 2, 2, 2, 3, 2, 2, 3, 2, 2, 2, 2, 2, 2, 2, 2, 2, 2, 2, 2, 2, 2]
[2, 2, 2, 2, 2, 2, 2, 2, 2, 2, 2, 2, 2, 2, 3, 2, 2, 3, 2, 2, 2, 2, 2, 2, 2, 2, 2, 2, 2, 2, 2, 2]
[2, 2, 2, 2, 2, 2, 2, 2, 2, 2, 2, 2, 2, 2, 3, 2, 2, 3, 2, 2, 2, 2, 2, 2, 2, 2, 2, 2, 2, 2, 2, 2]
[2, 2, 2, 2, 2, 2, 2, 2, 2, 2, 2, 2, 2, 2, 3, 2, 2, 3, 2, 2, 2, 2, 2, 2, 2, 2, 2, 2, 2, 2, 2, 2]
[2, 2, 2, 2, 2, 2, 2, 2, 2, 2, 2, 2, 2, 2, 3, 2, 2, 3, 2, 2, 2, 2, 2, 2, 2, 2, 2, 2, 2, 2, 2, 2]
[2, 2, 2, 2, 2, 2, 2, 2, 2, 2, 2, 2, 2, 2, 3, 2, 2, 3, 2, 2, 2, 2, 2, 2, 2, 2, 2, 2, 2, 2, 2, 2]
[2, 2, 2, 2, 2, 2, 2, 2, 2, 2, 2, 2, 2, 2, 3, 2, 2, 3, 2, 2, 2, 2, 2, 2, 2, 2, 2, 2, 2, 2, 2, 2]
[2, 2, 2, 2, 2, 2, 2, 2, 2, 2, 2, 2, 2, 2, 3, 2, 2, 3, 2, 2, 2, 2, 2, 2, 2, 2, 2, 2, 2, 2, 2, 2]
[2, 2, 2, 2, 2, 2, 2, 2, 2, 2, 2, 2, 2, 2, 3, 2, 2, 3, 2, 2, 2, 2, 2, 2, 2, 2, 2, 2, 2, 2, 2, 2]
[2, 2, 2, 2, 2, 2, 2, 2, 2, 2, 2, 2, 2, 2, 3, 2, 2, 3, 2, 2, 2, 2, 2, 2, 2, 2, 2, 2, 2, 2, 2, 2]
[2, 2, 2, 2, 2, 2, 2, 2, 2, 2, 2, 2, 2, 2, 3, 2, 2, 3, 2, 2, 2, 2, 2, 2, 2, 2, 2, 2, 2, 2, 2, 2]
[2, 2, 2, 2, 2, 2, 2, 2, 2, 2, 2, 2, 2, 2, 3, 2, 2, 3, 2, 2, 2, 2, 2, 2, 2, 2, 2, 2, 2, 2, 2, 2]
[2, 2, 2, 2, 2, 2, 2, 2, 2, 2, 2, 2, 2, 2, 3, 2, 2, 3, 2, 2, 2, 2, 2, 2, 2, 2, 2, 2, 2, 2, 2, 2]
Edges: 1080
Moves: 2160
Max Clique Size: 2
Number of Max Cliques: 1084
Number of Connected Components: 21
Connected Components Spatial Distribution
[ 1, 1, 1, 1, 1, 1, 1, 1, 1, 1, 1, 1, 1, 1, 1, 1, 1, 1, 1, 1, 1, 1, 1, 1, 1, 1, 1, 1, 1, 1, 1, 1]
[ 1,14,17, 1,11, 2, 1,16, 7, 1, 5,13, 1, 1, 1, 1, 1, 1, 1, 1, 5,13, 1,16, 7, 1,11, 2, 1,14,17, 1]
[ 1,12,15, 1, 4, 9, 1,10, 3, 1, 8, 6, 1, 1, 1, 1, 1, 1, 1, 1, 8, 6, 1,10, 3, 1, 4, 9, 1,12,15, 1]
[ 1, 1, 1, 1, 1, 1, 1, 1, 1, 1, 1, 1, 1, 1, 1, 5,13, 1, 1, 1, 1, 1, 1, 1, 1, 1, 1, 1, 1, 1, 1, 1]
[ 1,11, 2, 1,16, 7, 1, 5,13, 1, 1, 1, 1, 1, 1, 8, 6, 1, 1, 1, 1, 1, 1, 5,13, 1,16, 7, 1,11, 2, 1]
[ 1, 4, 9, 1,10, 3, 1, 8, 6, 1, 1, 1, 1, 1, 1, 1, 1, 1, 1, 1, 1, 1, 1, 8, 6, 1,10, 3, 1, 4, 9, 1]
[ 1, 1, 1, 1, 1, 1, 1, 1, 1, 1, 1, 1, 5,13, 1,16, 7, 1, 5,13, 1, 1, 1, 1, 1, 1, 1, 1, 1, 1, 1, 1]
[ 1,16, 7, 1, 5,13, 1, 1, 1, 1, 1, 1, 8, 6, 1,10, 3, 1, 8, 6, 1, 1, 1, 1, 1, 1, 5,13, 1,16, 7, 1]
[ 1,10, 3, 1, 8, 6, 1, 1, 1, 1, 1, 1, 1, 1, 1, 1, 1, 1, 1, 1, 1, 1, 1, 1, 1, 1, 8, 6, 1,10, 3, 1]
[ 1, 1, 1, 1, 1, 1, 1, 1, 1, 5,13, 1,16, 7, 1,11, 2, 1,16, 7, 1, 5,13, 1, 1, 1, 1, 1, 1, 1, 1, 1]
[ 1, 5,13, 1, 1, 1, 1, 1, 1, 8, 6, 1,10, 3, 1, 4, 9, 1,10, 3, 1, 8, 6, 1, 1, 1, 1, 1, 1, 5,13, 1]
[ 1, 8, 6, 1, 1, 1, 1, 1, 1, 1, 1, 1, 1, 1, 1, 1, 1, 1, 1, 1, 1, 1, 1, 1, 1, 1, 1, 1, 1, 8, 6, 1]
[ 1, 1, 1, 1, 1, 1, 5,13, 1,16, 7, 1,11, 2, 1,14,17, 1,11, 2, 1,16, 7, 1, 5,13, 1, 1, 1, 1, 1, 1]
[ 1, 1, 1, 1, 1, 1, 8, 6, 1,10, 3, 1, 4, 9, 1,12,15, 1, 4, 9, 1,10, 3, 1, 8, 6, 1, 1, 1, 1, 1, 1]
[ 1, 1, 1, 1, 1, 1, 1, 1, 1, 1, 1, 1, 1, 1, 1, 1, 1, 1, 1, 1, 1, 1, 1, 1, 1, 1, 1, 1, 1, 1, 1, 1]
[ 1, 1, 1, 5,13, 1,16, 7, 1,11, 2, 1,14,17, 1,18,19, 1,14,17, 1,11, 2, 1,16, 7, 1, 5,13, 1, 1, 1]
[ 1, 1, 1, 8, 6, 1,10, 3, 1, 4, 9, 1,12,15, 1,20,21, 1,12,15, 1, 4, 9, 1,10, 3, 1, 8, 6, 1, 1, 1]
[ 1, 1, 1, 1, 1, 1, 1, 1, 1, 1, 1, 1, 1, 1, 1, 1, 1, 1, 1, 1, 1, 1, 1, 1, 1, 1, 1, 1, 1, 1, 1, 1]
[ 1, 1, 1, 1, 1, 1, 5,13, 1,16, 7, 1,11, 2, 1,14,17, 1,11, 2, 1,16, 7, 1, 5,13, 1, 1, 1, 1, 1, 1]
[ 1, 1, 1, 1, 1, 1, 8, 6, 1,10, 3, 1, 4, 9, 1,12,15, 1, 4, 9, 1,10, 3, 1, 8, 6, 1, 1, 1, 1, 1, 1]
[ 1, 5,13, 1, 1, 1, 1, 1, 1, 1, 1, 1, 1, 1, 1, 1, 1, 1, 1, 1, 1, 1, 1, 1, 1, 1, 1, 1, 1, 5,13, 1]
[ 1, 8, 6, 1, 1, 1, 1, 1, 1, 5,13, 1,16, 7, 1,11, 2, 1,16, 7, 1, 5,13, 1, 1, 1, 1, 1, 1, 8, 6, 1]
[ 1, 1, 1, 1, 1, 1, 1, 1, 1, 8, 6, 1,10, 3, 1, 4, 9, 1,10, 3, 1, 8, 6, 1, 1, 1, 1, 1, 1, 1, 1, 1]
[ 1,16, 7, 1, 5,13, 1, 1, 1, 1, 1, 1, 1, 1, 1, 1, 1, 1, 1, 1, 1, 1, 1, 1, 1, 1, 5,13, 1,16, 7, 1]
[ 1,10, 3, 1, 8, 6, 1, 1, 1, 1, 1, 1, 5,13, 1,16, 7, 1, 5,13, 1, 1, 1, 1, 1, 1, 8, 6, 1,10, 3, 1]
[ 1, 1, 1, 1, 1, 1, 1, 1, 1, 1, 1, 1, 8, 6, 1,10, 3, 1, 8, 6, 1, 1, 1, 1, 1, 1, 1, 1, 1, 1, 1, 1]
[ 1,11, 2, 1,16, 7, 1, 5,13, 1, 1, 1, 1, 1, 1, 1, 1, 1, 1, 1, 1, 1, 1, 5,13, 1,16, 7, 1,11, 2, 1]
[ 1, 4, 9, 1,10, 3, 1, 8, 6, 1, 1, 1, 1, 1, 1, 5,13, 1, 1, 1, 1, 1, 1, 8, 6, 1,10, 3, 1, 4, 9, 1]
[ 1, 1, 1, 1, 1, 1, 1, 1, 1, 1, 1, 1, 1, 1, 1, 8, 6, 1, 1, 1, 1, 1, 1, 1, 1, 1, 1, 1, 1, 1, 1, 1]
[ 1,14,17, 1,11, 2, 1,16, 7, 1, 5,13, 1, 1, 1, 1, 1, 1, 1, 1, 5,13, 1,16, 7, 1,11, 2, 1,14,17, 1]
[ 1,12,15, 1, 4, 9, 1,10, 3, 1, 8, 6, 1, 1, 1, 1, 1, 1, 1, 1, 8, 6, 1,10, 3, 1, 4, 9, 1,12,15, 1]
[ 1, 1, 1, 1, 1, 1, 1, 1, 1, 1, 1, 1, 1, 1, 1, 1, 1, 1, 1, 1, 1, 1, 1, 1, 1, 1, 1, 1, 1, 1, 1, 1]
