[d, p, q] = [31, 10, 21]
100,0,840,80,4
Degree Spatial distribution
[2, 2, 2, 2, 2, 2, 2, 2, 2, 2, 3, 2, 2, 2, 2, 2, 2, 2, 2, 2, 2, 3, 2, 2, 2, 2, 2, 2, 2, 2, 2, 2]
[2, 2, 2, 2, 2, 2, 2, 2, 2, 2, 3, 2, 2, 2, 2, 2, 2, 2, 2, 2, 2, 3, 2, 2, 2, 2, 2, 2, 2, 2, 2, 2]
[2, 2, 2, 2, 2, 2, 2, 2, 2, 2, 3, 2, 2, 2, 2, 2, 2, 2, 2, 2, 2, 3, 2, 2, 2, 2, 2, 2, 2, 2, 2, 2]
[2, 2, 2, 2, 2, 2, 2, 2, 2, 2, 3, 2, 2, 2, 2, 2, 2, 2, 2, 2, 2, 3, 2, 2, 2, 2, 2, 2, 2, 2, 2, 2]
[2, 2, 2, 2, 2, 2, 2, 2, 2, 2, 3, 2, 2, 2, 2, 2, 2, 2, 2, 2, 2, 3, 2, 2, 2, 2, 2, 2, 2, 2, 2, 2]
[2, 2, 2, 2, 2, 2, 2, 2, 2, 2, 3, 2, 2, 2, 2, 2, 2, 2, 2, 2, 2, 3, 2, 2, 2, 2, 2, 2, 2, 2, 2, 2]
[2, 2, 2, 2, 2, 2, 2, 2, 2, 2, 3, 2, 2, 2, 2, 2, 2, 2, 2, 2, 2, 3, 2, 2, 2, 2, 2, 2, 2, 2, 2, 2]
[2, 2, 2, 2, 2, 2, 2, 2, 2, 2, 3, 2, 2, 2, 2, 2, 2, 2, 2, 2, 2, 3, 2, 2, 2, 2, 2, 2, 2, 2, 2, 2]
[2, 2, 2, 2, 2, 2, 2, 2, 2, 2, 3, 2, 2, 2, 2, 2, 2, 2, 2, 2, 2, 3, 2, 2, 2, 2, 2, 2, 2, 2, 2, 2]
[2, 2, 2, 2, 2, 2, 2, 2, 2, 2, 3, 2, 2, 2, 2, 2, 2, 2, 2, 2, 2, 3, 2, 2, 2, 2, 2, 2, 2, 2, 2, 2]
[3, 3, 3, 3, 3, 3, 3, 3, 3, 3, 4, 2, 2, 2, 2, 2, 2, 2, 2, 2, 2, 4, 3, 3, 3, 3, 3, 3, 3, 3, 3, 3]
[2, 2, 2, 2, 2, 2, 2, 2, 2, 2, 2, 0, 0, 0, 0, 0, 0, 0, 0, 0, 0, 2, 2, 2, 2, 2, 2, 2, 2, 2, 2, 2]
[2, 2, 2, 2, 2, 2, 2, 2, 2, 2, 2, 0, 0, 0, 0, 0, 0, 0, 0, 0, 0, 2, 2, 2, 2, 2, 2, 2, 2, 2, 2, 2]
[2, 2, 2, 2, 2, 2, 2, 2, 2, 2, 2, 0, 0, 0, 0, 0, 0, 0, 0, 0, 0, 2, 2, 2, 2, 2, 2, 2, 2, 2, 2, 2]
[2, 2, 2, 2, 2, 2, 2, 2, 2, 2, 2, 0, 0, 0, 0, 0, 0, 0, 0, 0, 0, 2, 2, 2, 2, 2, 2, 2, 2, 2, 2, 2]
[2, 2, 2, 2, 2, 2, 2, 2, 2, 2, 2, 0, 0, 0, 0, 0, 0, 0, 0, 0, 0, 2, 2, 2, 2, 2, 2, 2, 2, 2, 2, 2]
[2, 2, 2, 2, 2, 2, 2, 2, 2, 2, 2, 0, 0, 0, 0, 0, 0, 0, 0, 0, 0, 2, 2, 2, 2, 2, 2, 2, 2, 2, 2, 2]
[2, 2, 2, 2, 2, 2, 2, 2, 2, 2, 2, 0, 0, 0, 0, 0, 0, 0, 0, 0, 0, 2, 2, 2, 2, 2, 2, 2, 2, 2, 2, 2]
[2, 2, 2, 2, 2, 2, 2, 2, 2, 2, 2, 0, 0, 0, 0, 0, 0, 0, 0, 0, 0, 2, 2, 2, 2, 2, 2, 2, 2, 2, 2, 2]
[2, 2, 2, 2, 2, 2, 2, 2, 2, 2, 2, 0, 0, 0, 0, 0, 0, 0, 0, 0, 0, 2, 2, 2, 2, 2, 2, 2, 2, 2, 2, 2]
[2, 2, 2, 2, 2, 2, 2, 2, 2, 2, 2, 0, 0, 0, 0, 0, 0, 0, 0, 0, 0, 2, 2, 2, 2, 2, 2, 2, 2, 2, 2, 2]
[3, 3, 3, 3, 3, 3, 3, 3, 3, 3, 4, 2, 2, 2, 2, 2, 2, 2, 2, 2, 2, 4, 3, 3, 3, 3, 3, 3, 3, 3, 3, 3]
[2, 2, 2, 2, 2, 2, 2, 2, 2, 2, 3, 2, 2, 2, 2, 2, 2, 2, 2, 2, 2, 3, 2, 2, 2, 2, 2, 2, 2, 2, 2, 2]
[2, 2, 2, 2, 2, 2, 2, 2, 2, 2, 3, 2, 2, 2, 2, 2, 2, 2, 2, 2, 2, 3, 2, 2, 2, 2, 2, 2, 2, 2, 2, 2]
[2, 2, 2, 2, 2, 2, 2, 2, 2, 2, 3, 2, 2, 2, 2, 2, 2, 2, 2, 2, 2, 3, 2, 2, 2, 2, 2, 2, 2, 2, 2, 2]
[2, 2, 2, 2, 2, 2, 2, 2, 2, 2, 3, 2, 2, 2, 2, 2, 2, 2, 2, 2, 2, 3, 2, 2, 2, 2, 2, 2, 2, 2, 2, 2]
[2, 2, 2, 2, 2, 2, 2, 2, 2, 2, 3, 2, 2, 2, 2, 2, 2, 2, 2, 2, 2, 3, 2, 2, 2, 2, 2, 2, 2, 2, 2, 2]
[2, 2, 2, 2, 2, 2, 2, 2, 2, 2, 3, 2, 2, 2, 2, 2, 2, 2, 2, 2, 2, 3, 2, 2, 2, 2, 2, 2, 2, 2, 2, 2]
[2, 2, 2, 2, 2, 2, 2, 2, 2, 2, 3, 2, 2, 2, 2, 2, 2, 2, 2, 2, 2, 3, 2, 2, 2, 2, 2, 2, 2, 2, 2, 2]
[2, 2, 2, 2, 2, 2, 2, 2, 2, 2, 3, 2, 2, 2, 2, 2, 2, 2, 2, 2, 2, 3, 2, 2, 2, 2, 2, 2, 2, 2, 2, 2]
[2, 2, 2, 2, 2, 2, 2, 2, 2, 2, 3, 2, 2, 2, 2, 2, 2, 2, 2, 2, 2, 3, 2, 2, 2, 2, 2, 2, 2, 2, 2, 2]
[2, 2, 2, 2, 2, 2, 2, 2, 2, 2, 3, 2, 2, 2, 2, 2, 2, 2, 2, 2, 2, 3, 2, 2, 2, 2, 2, 2, 2, 2, 2, 2]
Edges: 968
Moves: 1936
Max Clique Size: 2
Number of Max Cliques: 1068
Number of Connected Components: 165
Connected Components Spatial Distribution
[  2,  2,  2,  2,  2,  2,  2,  2,  2,  2,  2,  2,  2,  2,  2,  2,  2,  2,  2,  2,  2,  2,  2,  2,  2,  2,  2,  2,  2,  2,  2,  2]
[  2,  2,  2,  2,  2,  2,  2,  2,  2,  2,  2,  2, 73, 20, 12, 18, 89, 27, 87, 30,  2,  2,  2,  2,  2,  2,  2,  2,  2,  2,  2,  2]
[  2,  2, 73, 20, 12, 18, 89, 27, 87, 30,  2,  2, 77,100, 68, 51, 23,  1, 61, 88,  2,  2, 73, 20, 12, 18, 89, 27, 87, 30,  2,  2]
[  2,  2, 77,100, 68, 51, 23,  1, 61, 88,  2,  2, 99, 11, 62, 22,102, 43, 52, 21,  2,  2, 77,100, 68, 51, 23,  1, 61, 88,  2,  2]
[  2,  2, 99, 11, 62, 22,102, 43, 52, 21,  2,  2, 41, 83, 14, 15, 59,  6,  9,  4,  2,  2, 99, 11, 62, 22,102, 43, 52, 21,  2,  2]
[  2,  2, 41, 83, 14, 15, 59,  6,  9,  4,  2,  2, 93,  8, 36, 70, 84, 40, 46, 24,  2,  2, 41, 83, 14, 15, 59,  6,  9,  4,  2,  2]
[  2,  2, 93,  8, 36, 70, 84, 40, 46, 24,  2,  2, 17, 50, 42, 53, 55, 45, 19, 65,  2,  2, 93,  8, 36, 70, 84, 40, 46, 24,  2,  2]
[  2,  2, 17, 50, 42, 53, 55, 45, 19, 65,  2,  2, 49, 39, 47, 85,  3, 64, 80, 33,  2,  2, 17, 50, 42, 53, 55, 45, 19, 65,  2,  2]
[  2,  2, 49, 39, 47, 85,  3, 64, 80, 33,  2,  2, 29, 32, 35, 10,101, 79, 72, 31,  2,  2, 49, 39, 47, 85,  3, 64, 80, 33,  2,  2]
[  2,  2, 29, 32, 35, 10,101, 79, 72, 31,  2,  2,  2,  2,  2,  2,  2,  2,  2,  2,  2,  2, 29, 32, 35, 10,101, 79, 72, 31,  2,  2]
[  2,  2,  2,  2,  2,  2,  2,  2,  2,  2,  2,  2,  2,  2,  2,  2,  2,  2,  2,  2,  2,  2,  2,  2,  2,  2,  2,  2,  2,  2,  2,  2]
[  2,  2,  2,  2,  2,  2,  2,  2,  2,  2,  2,139,144, 76,110,116, 63,122,129,150,158,  2,  2,  2,  2,  2,  2,  2,  2,  2,  2,  2]
[  2, 73, 20, 12, 18, 89, 27, 87, 30,  2,  2,109,140,132, 96,131,137,127,153,126,152,  2,  2, 73, 20, 12, 18, 89, 27, 87, 30,  2]
[  2, 77,100, 68, 51, 23,  1, 61, 88,  2,  2,154, 92, 38,159, 37, 90, 26,108, 25,107,  2,  2, 77,100, 68, 51, 23,  1, 61, 88,  2]
[  2, 99, 11, 62, 22,102, 43, 52, 21,  2,  2,130,155,112, 74,145,149,106,138,142, 28,  2,  2, 99, 11, 62, 22,102, 43, 52, 21,  2]
[  2, 41, 83, 14, 15, 59,  6,  9,  4,  2,  2, 34,111,156,143, 75,105,151, 91, 71,128,  2,  2, 41, 83, 14, 15, 59,  6,  9,  4,  2]
[  2, 93,  8, 36, 70, 84, 40, 46, 24,  2,  2,121,104, 94,133,120,147,134,123,157,146,  2,  2, 93,  8, 36, 70, 84, 40, 46, 24,  2]
[  2, 17, 50, 42, 53, 55, 45, 19, 65,  2,  2,165, 13,141, 81,164, 98, 56, 66, 95, 97,  2,  2, 17, 50, 42, 53, 55, 45, 19, 65,  2]
[  2, 49, 39, 47, 85,  3, 64, 80, 33,  2,  2,136,124, 69,115,135,161,119,103, 44,160,  2,  2, 49, 39, 47, 85,  3, 64, 80, 33,  2]
[  2, 29, 32, 35, 10,101, 79, 72, 31,  2,  2, 58, 67,125, 48, 57,118,162,  7,113,117,  2,  2, 29, 32, 35, 10,101, 79, 72, 31,  2]
[  2,  2,  2,  2,  2,  2,  2,  2,  2,  2,  2,148, 60, 16,163, 82, 54,  5, 86, 78,114,  2,  2,  2,  2,  2,  2,  2,  2,  2,  2,  2]
[  2,  2,  2,  2,  2,  2,  2,  2,  2,  2,  2,  2,  2,  2,  2,  2,  2,  2,  2,  2,  2,  2,  2,  2,  2,  2,  2,  2,  2,  2,  2,  2]
[  2,  2, 73, 20, 12, 18, 89, 27, 87, 30,  2,  2,  2,  2,  2,  2,  2,  2,  2,  2,  2,  2, 73, 20, 12, 18, 89, 27, 87, 30,  2,  2]
[  2,  2, 77,100, 68, 51, 23,  1, 61, 88,  2,  2, 73, 20, 12, 18, 89, 27, 87, 30,  2,  2, 77,100, 68, 51, 23,  1, 61, 88,  2,  2]
[  2,  2, 99, 11, 62, 22,102, 43, 52, 21,  2,  2, 77,100, 68, 51, 23,  1, 61, 88,  2,  2, 99, 11, 62, 22,102, 43, 52, 21,  2,  2]
[  2,  2, 41, 83, 14, 15, 59,  6,  9,  4,  2,  2, 99, 11, 62, 22,102, 43, 52, 21,  2,  2, 41, 83, 14, 15, 59,  6,  9,  4,  2,  2]
[  2,  2, 93,  8, 36, 70, 84, 40, 46, 24,  2,  2, 41, 83, 14, 15, 59,  6,  9,  4,  2,  2, 93,  8, 36, 70, 84, 40, 46, 24,  2,  2]
[  2,  2, 17, 50, 42, 53, 55, 45, 19, 65,  2,  2, 93,  8, 36, 70, 84, 40, 46, 24,  2,  2, 17, 50, 42, 53, 55, 45, 19, 65,  2,  2]
[  2,  2, 49, 39, 47, 85,  3, 64, 80, 33,  2,  2, 17, 50, 42, 53, 55, 45, 19, 65,  2,  2, 49, 39, 47, 85,  3, 64, 80, 33,  2,  2]
[  2,  2, 29, 32, 35, 10,101, 79, 72, 31,  2,  2, 49, 39, 47, 85,  3, 64, 80, 33,  2,  2, 29, 32, 35, 10,101, 79, 72, 31,  2,  2]
[  2,  2,  2,  2,  2,  2,  2,  2,  2,  2,  2,  2, 29, 32, 35, 10,101, 79, 72, 31,  2,  2,  2,  2,  2,  2,  2,  2,  2,  2,  2,  2]
[  2,  2,  2,  2,  2,  2,  2,  2,  2,  2,  2,  2,  2,  2,  2,  2,  2,  2,  2,  2,  2,  2,  2,  2,  2,  2,  2,  2,  2,  2,  2,  2]
