[d, p, q] = [31, 13, 18]
16,0,900,104,4
Degree Spatial distribution
[2, 2, 2, 2, 2, 2, 2, 2, 2, 2, 2, 2, 2, 3, 2, 2, 2, 2, 3, 2, 2, 2, 2, 2, 2, 2, 2, 2, 2, 2, 2, 2]
[2, 2, 2, 2, 2, 2, 2, 2, 2, 2, 2, 2, 2, 3, 2, 2, 2, 2, 3, 2, 2, 2, 2, 2, 2, 2, 2, 2, 2, 2, 2, 2]
[2, 2, 2, 2, 2, 2, 2, 2, 2, 2, 2, 2, 2, 3, 2, 2, 2, 2, 3, 2, 2, 2, 2, 2, 2, 2, 2, 2, 2, 2, 2, 2]
[2, 2, 2, 2, 2, 2, 2, 2, 2, 2, 2, 2, 2, 3, 2, 2, 2, 2, 3, 2, 2, 2, 2, 2, 2, 2, 2, 2, 2, 2, 2, 2]
[2, 2, 2, 2, 2, 2, 2, 2, 2, 2, 2, 2, 2, 3, 2, 2, 2, 2, 3, 2, 2, 2, 2, 2, 2, 2, 2, 2, 2, 2, 2, 2]
[2, 2, 2, 2, 2, 2, 2, 2, 2, 2, 2, 2, 2, 3, 2, 2, 2, 2, 3, 2, 2, 2, 2, 2, 2, 2, 2, 2, 2, 2, 2, 2]
[2, 2, 2, 2, 2, 2, 2, 2, 2, 2, 2, 2, 2, 3, 2, 2, 2, 2, 3, 2, 2, 2, 2, 2, 2, 2, 2, 2, 2, 2, 2, 2]
[2, 2, 2, 2, 2, 2, 2, 2, 2, 2, 2, 2, 2, 3, 2, 2, 2, 2, 3, 2, 2, 2, 2, 2, 2, 2, 2, 2, 2, 2, 2, 2]
[2, 2, 2, 2, 2, 2, 2, 2, 2, 2, 2, 2, 2, 3, 2, 2, 2, 2, 3, 2, 2, 2, 2, 2, 2, 2, 2, 2, 2, 2, 2, 2]
[2, 2, 2, 2, 2, 2, 2, 2, 2, 2, 2, 2, 2, 3, 2, 2, 2, 2, 3, 2, 2, 2, 2, 2, 2, 2, 2, 2, 2, 2, 2, 2]
[2, 2, 2, 2, 2, 2, 2, 2, 2, 2, 2, 2, 2, 3, 2, 2, 2, 2, 3, 2, 2, 2, 2, 2, 2, 2, 2, 2, 2, 2, 2, 2]
[2, 2, 2, 2, 2, 2, 2, 2, 2, 2, 2, 2, 2, 3, 2, 2, 2, 2, 3, 2, 2, 2, 2, 2, 2, 2, 2, 2, 2, 2, 2, 2]
[2, 2, 2, 2, 2, 2, 2, 2, 2, 2, 2, 2, 2, 3, 2, 2, 2, 2, 3, 2, 2, 2, 2, 2, 2, 2, 2, 2, 2, 2, 2, 2]
[3, 3, 3, 3, 3, 3, 3, 3, 3, 3, 3, 3, 3, 4, 2, 2, 2, 2, 4, 3, 3, 3, 3, 3, 3, 3, 3, 3, 3, 3, 3, 3]
[2, 2, 2, 2, 2, 2, 2, 2, 2, 2, 2, 2, 2, 2, 0, 0, 0, 0, 2, 2, 2, 2, 2, 2, 2, 2, 2, 2, 2, 2, 2, 2]
[2, 2, 2, 2, 2, 2, 2, 2, 2, 2, 2, 2, 2, 2, 0, 0, 0, 0, 2, 2, 2, 2, 2, 2, 2, 2, 2, 2, 2, 2, 2, 2]
[2, 2, 2, 2, 2, 2, 2, 2, 2, 2, 2, 2, 2, 2, 0, 0, 0, 0, 2, 2, 2, 2, 2, 2, 2, 2, 2, 2, 2, 2, 2, 2]
[2, 2, 2, 2, 2, 2, 2, 2, 2, 2, 2, 2, 2, 2, 0, 0, 0, 0, 2, 2, 2, 2, 2, 2, 2, 2, 2, 2, 2, 2, 2, 2]
[3, 3, 3, 3, 3, 3, 3, 3, 3, 3, 3, 3, 3, 4, 2, 2, 2, 2, 4, 3, 3, 3, 3, 3, 3, 3, 3, 3, 3, 3, 3, 3]
[2, 2, 2, 2, 2, 2, 2, 2, 2, 2, 2, 2, 2, 3, 2, 2, 2, 2, 3, 2, 2, 2, 2, 2, 2, 2, 2, 2, 2, 2, 2, 2]
[2, 2, 2, 2, 2, 2, 2, 2, 2, 2, 2, 2, 2, 3, 2, 2, 2, 2, 3, 2, 2, 2, 2, 2, 2, 2, 2, 2, 2, 2, 2, 2]
[2, 2, 2, 2, 2, 2, 2, 2, 2, 2, 2, 2, 2, 3, 2, 2, 2, 2, 3, 2, 2, 2, 2, 2, 2, 2, 2, 2, 2, 2, 2, 2]
[2, 2, 2, 2, 2, 2, 2, 2, 2, 2, 2, 2, 2, 3, 2, 2, 2, 2, 3, 2, 2, 2, 2, 2, 2, 2, 2, 2, 2, 2, 2, 2]
[2, 2, 2, 2, 2, 2, 2, 2, 2, 2, 2, 2, 2, 3, 2, 2, 2, 2, 3, 2, 2, 2, 2, 2, 2, 2, 2, 2, 2, 2, 2, 2]
[2, 2, 2, 2, 2, 2, 2, 2, 2, 2, 2, 2, 2, 3, 2, 2, 2, 2, 3, 2, 2, 2, 2, 2, 2, 2, 2, 2, 2, 2, 2, 2]
[2, 2, 2, 2, 2, 2, 2, 2, 2, 2, 2, 2, 2, 3, 2, 2, 2, 2, 3, 2, 2, 2, 2, 2, 2, 2, 2, 2, 2, 2, 2, 2]
[2, 2, 2, 2, 2, 2, 2, 2, 2, 2, 2, 2, 2, 3, 2, 2, 2, 2, 3, 2, 2, 2, 2, 2, 2, 2, 2, 2, 2, 2, 2, 2]
[2, 2, 2, 2, 2, 2, 2, 2, 2, 2, 2, 2, 2, 3, 2, 2, 2, 2, 3, 2, 2, 2, 2, 2, 2, 2, 2, 2, 2, 2, 2, 2]
[2, 2, 2, 2, 2, 2, 2, 2, 2, 2, 2, 2, 2, 3, 2, 2, 2, 2, 3, 2, 2, 2, 2, 2, 2, 2, 2, 2, 2, 2, 2, 2]
[2, 2, 2, 2, 2, 2, 2, 2, 2, 2, 2, 2, 2, 3, 2, 2, 2, 2, 3, 2, 2, 2, 2, 2, 2, 2, 2, 2, 2, 2, 2, 2]
[2, 2, 2, 2, 2, 2, 2, 2, 2, 2, 2, 2, 2, 3, 2, 2, 2, 2, 3, 2, 2, 2, 2, 2, 2, 2, 2, 2, 2, 2, 2, 2]
[2, 2, 2, 2, 2, 2, 2, 2, 2, 2, 2, 2, 2, 3, 2, 2, 2, 2, 3, 2, 2, 2, 2, 2, 2, 2, 2, 2, 2, 2, 2, 2]
Edges: 1064
Moves: 2128
Max Clique Size: 2
Number of Max Cliques: 1080
Number of Connected Components: 49
Connected Components Spatial Distribution
[ 2, 2, 2, 2, 2, 2, 2, 2, 2, 2, 2, 2, 2, 2, 2, 2, 2, 2, 2, 2, 2, 2, 2, 2, 2, 2, 2, 2, 2, 2, 2, 2]
[ 2,15,13, 3,19, 2, 8,12,18, 6, 2, 2, 2, 2, 2, 2, 2, 2, 2, 2, 2, 2, 8,12,18, 6, 2,15,13, 3,19, 2]
[ 2,10,23,14, 5, 2, 4,11,22,21, 2, 2, 2, 2, 2, 2, 2, 2, 2, 2, 2, 2, 4,11,22,21, 2,10,23,14, 5, 2]
[ 2,30,34,24,38, 2,28, 1,36,20, 2, 2, 2, 2, 2, 2, 2, 2, 2, 2, 2, 2,28, 1,36,20, 2,30,34,24,38, 2]
[ 2,31,29,17, 9, 2,25,26, 7,16, 2, 2, 2, 2, 8,12,18, 6, 2, 2, 2, 2,25,26, 7,16, 2,31,29,17, 9, 2]
[ 2, 2, 2, 2, 2, 2, 2, 2, 2, 2, 2, 2, 2, 2, 4,11,22,21, 2, 2, 2, 2, 2, 2, 2, 2, 2, 2, 2, 2, 2, 2]
[ 2, 8,12,18, 6, 2, 2, 2, 2, 2, 2, 2, 2, 2,28, 1,36,20, 2, 2, 2, 2, 2, 2, 2, 2, 2, 8,12,18, 6, 2]
[ 2, 4,11,22,21, 2, 2, 2, 2, 2, 2, 2, 2, 2,25,26, 7,16, 2, 2, 2, 2, 2, 2, 2, 2, 2, 4,11,22,21, 2]
[ 2,28, 1,36,20, 2, 2, 2, 2, 2, 2, 2, 2, 2, 2, 2, 2, 2, 2, 2, 2, 2, 2, 2, 2, 2, 2,28, 1,36,20, 2]
[ 2,25,26, 7,16, 2, 2, 2, 2, 8,12,18, 6, 2,15,13, 3,19, 2, 8,12,18, 6, 2, 2, 2, 2,25,26, 7,16, 2]
[ 2, 2, 2, 2, 2, 2, 2, 2, 2, 4,11,22,21, 2,10,23,14, 5, 2, 4,11,22,21, 2, 2, 2, 2, 2, 2, 2, 2, 2]
[ 2, 2, 2, 2, 2, 2, 2, 2, 2,28, 1,36,20, 2,30,34,24,38, 2,28, 1,36,20, 2, 2, 2, 2, 2, 2, 2, 2, 2]
[ 2, 2, 2, 2, 2, 2, 2, 2, 2,25,26, 7,16, 2,31,29,17, 9, 2,25,26, 7,16, 2, 2, 2, 2, 2, 2, 2, 2, 2]
[ 2, 2, 2, 2, 2, 2, 2, 2, 2, 2, 2, 2, 2, 2, 2, 2, 2, 2, 2, 2, 2, 2, 2, 2, 2, 2, 2, 2, 2, 2, 2, 2]
[ 2, 2, 2, 2, 8,12,18, 6, 2,15,13, 3,19, 2,32,45,47,40, 2,15,13, 3,19, 2, 8,12,18, 6, 2, 2, 2, 2]
[ 2, 2, 2, 2, 4,11,22,21, 2,10,23,14, 5, 2,44,33,39,48, 2,10,23,14, 5, 2, 4,11,22,21, 2, 2, 2, 2]
[ 2, 2, 2, 2,28, 1,36,20, 2,30,34,24,38, 2,42,41,46,43, 2,30,34,24,38, 2,28, 1,36,20, 2, 2, 2, 2]
[ 2, 2, 2, 2,25,26, 7,16, 2,31,29,17, 9, 2,35,49,37,27, 2,31,29,17, 9, 2,25,26, 7,16, 2, 2, 2, 2]
[ 2, 2, 2, 2, 2, 2, 2, 2, 2, 2, 2, 2, 2, 2, 2, 2, 2, 2, 2, 2, 2, 2, 2, 2, 2, 2, 2, 2, 2, 2, 2, 2]
[ 2, 2, 2, 2, 2, 2, 2, 2, 2, 8,12,18, 6, 2,15,13, 3,19, 2, 8,12,18, 6, 2, 2, 2, 2, 2, 2, 2, 2, 2]
[ 2, 2, 2, 2, 2, 2, 2, 2, 2, 4,11,22,21, 2,10,23,14, 5, 2, 4,11,22,21, 2, 2, 2, 2, 2, 2, 2, 2, 2]
[ 2, 2, 2, 2, 2, 2, 2, 2, 2,28, 1,36,20, 2,30,34,24,38, 2,28, 1,36,20, 2, 2, 2, 2, 2, 2, 2, 2, 2]
[ 2, 8,12,18, 6, 2, 2, 2, 2,25,26, 7,16, 2,31,29,17, 9, 2,25,26, 7,16, 2, 2, 2, 2, 8,12,18, 6, 2]
[ 2, 4,11,22,21, 2, 2, 2, 2, 2, 2, 2, 2, 2, 2, 2, 2, 2, 2, 2, 2, 2, 2, 2, 2, 2, 2, 4,11,22,21, 2]
[ 2,28, 1,36,20, 2, 2, 2, 2, 2, 2, 2, 2, 2, 8,12,18, 6, 2, 2, 2, 2, 2, 2, 2, 2, 2,28, 1,36,20, 2]
[ 2,25,26, 7,16, 2, 2, 2, 2, 2, 2, 2, 2, 2, 4,11,22,21, 2, 2, 2, 2, 2, 2, 2, 2, 2,25,26, 7,16, 2]
[ 2, 2, 2, 2, 2, 2, 2, 2, 2, 2, 2, 2, 2, 2,28, 1,36,20, 2, 2, 2, 2, 2, 2, 2, 2, 2, 2, 2, 2, 2, 2]
[ 2,15,13, 3,19, 2, 8,12,18, 6, 2, 2, 2, 2,25,26, 7,16, 2, 2, 2, 2, 8,12,18, 6, 2,15,13, 3,19, 2]
[ 2,10,23,14, 5, 2, 4,11,22,21, 2, 2, 2, 2, 2, 2, 2, 2, 2, 2, 2, 2, 4,11,22,21, 2,10,23,14, 5, 2]
[ 2,30,34,24,38, 2,28, 1,36,20, 2, 2, 2, 2, 2, 2, 2, 2, 2, 2, 2, 2,28, 1,36,20, 2,30,34,24,38, 2]
[ 2,31,29,17, 9, 2,25,26, 7,16, 2, 2, 2, 2, 2, 2, 2, 2, 2, 2, 2, 2,25,26, 7,16, 2,31,29,17, 9, 2]
[ 2, 2, 2, 2, 2, 2, 2, 2, 2, 2, 2, 2, 2, 2, 2, 2, 2, 2, 2, 2, 2, 2, 2, 2, 2, 2, 2, 2, 2, 2, 2, 2]
