[d, p, q] = [31, 11, 20]
64,0,868,88,4
Degree Spatial distribution
[2, 2, 2, 2, 2, 2, 2, 2, 2, 2, 2, 3, 2, 2, 2, 2, 2, 2, 2, 2, 3, 2, 2, 2, 2, 2, 2, 2, 2, 2, 2, 2]
[2, 2, 2, 2, 2, 2, 2, 2, 2, 2, 2, 3, 2, 2, 2, 2, 2, 2, 2, 2, 3, 2, 2, 2, 2, 2, 2, 2, 2, 2, 2, 2]
[2, 2, 2, 2, 2, 2, 2, 2, 2, 2, 2, 3, 2, 2, 2, 2, 2, 2, 2, 2, 3, 2, 2, 2, 2, 2, 2, 2, 2, 2, 2, 2]
[2, 2, 2, 2, 2, 2, 2, 2, 2, 2, 2, 3, 2, 2, 2, 2, 2, 2, 2, 2, 3, 2, 2, 2, 2, 2, 2, 2, 2, 2, 2, 2]
[2, 2, 2, 2, 2, 2, 2, 2, 2, 2, 2, 3, 2, 2, 2, 2, 2, 2, 2, 2, 3, 2, 2, 2, 2, 2, 2, 2, 2, 2, 2, 2]
[2, 2, 2, 2, 2, 2, 2, 2, 2, 2, 2, 3, 2, 2, 2, 2, 2, 2, 2, 2, 3, 2, 2, 2, 2, 2, 2, 2, 2, 2, 2, 2]
[2, 2, 2, 2, 2, 2, 2, 2, 2, 2, 2, 3, 2, 2, 2, 2, 2, 2, 2, 2, 3, 2, 2, 2, 2, 2, 2, 2, 2, 2, 2, 2]
[2, 2, 2, 2, 2, 2, 2, 2, 2, 2, 2, 3, 2, 2, 2, 2, 2, 2, 2, 2, 3, 2, 2, 2, 2, 2, 2, 2, 2, 2, 2, 2]
[2, 2, 2, 2, 2, 2, 2, 2, 2, 2, 2, 3, 2, 2, 2, 2, 2, 2, 2, 2, 3, 2, 2, 2, 2, 2, 2, 2, 2, 2, 2, 2]
[2, 2, 2, 2, 2, 2, 2, 2, 2, 2, 2, 3, 2, 2, 2, 2, 2, 2, 2, 2, 3, 2, 2, 2, 2, 2, 2, 2, 2, 2, 2, 2]
[2, 2, 2, 2, 2, 2, 2, 2, 2, 2, 2, 3, 2, 2, 2, 2, 2, 2, 2, 2, 3, 2, 2, 2, 2, 2, 2, 2, 2, 2, 2, 2]
[3, 3, 3, 3, 3, 3, 3, 3, 3, 3, 3, 4, 2, 2, 2, 2, 2, 2, 2, 2, 4, 3, 3, 3, 3, 3, 3, 3, 3, 3, 3, 3]
[2, 2, 2, 2, 2, 2, 2, 2, 2, 2, 2, 2, 0, 0, 0, 0, 0, 0, 0, 0, 2, 2, 2, 2, 2, 2, 2, 2, 2, 2, 2, 2]
[2, 2, 2, 2, 2, 2, 2, 2, 2, 2, 2, 2, 0, 0, 0, 0, 0, 0, 0, 0, 2, 2, 2, 2, 2, 2, 2, 2, 2, 2, 2, 2]
[2, 2, 2, 2, 2, 2, 2, 2, 2, 2, 2, 2, 0, 0, 0, 0, 0, 0, 0, 0, 2, 2, 2, 2, 2, 2, 2, 2, 2, 2, 2, 2]
[2, 2, 2, 2, 2, 2, 2, 2, 2, 2, 2, 2, 0, 0, 0, 0, 0, 0, 0, 0, 2, 2, 2, 2, 2, 2, 2, 2, 2, 2, 2, 2]
[2, 2, 2, 2, 2, 2, 2, 2, 2, 2, 2, 2, 0, 0, 0, 0, 0, 0, 0, 0, 2, 2, 2, 2, 2, 2, 2, 2, 2, 2, 2, 2]
[2, 2, 2, 2, 2, 2, 2, 2, 2, 2, 2, 2, 0, 0, 0, 0, 0, 0, 0, 0, 2, 2, 2, 2, 2, 2, 2, 2, 2, 2, 2, 2]
[2, 2, 2, 2, 2, 2, 2, 2, 2, 2, 2, 2, 0, 0, 0, 0, 0, 0, 0, 0, 2, 2, 2, 2, 2, 2, 2, 2, 2, 2, 2, 2]
[2, 2, 2, 2, 2, 2, 2, 2, 2, 2, 2, 2, 0, 0, 0, 0, 0, 0, 0, 0, 2, 2, 2, 2, 2, 2, 2, 2, 2, 2, 2, 2]
[3, 3, 3, 3, 3, 3, 3, 3, 3, 3, 3, 4, 2, 2, 2, 2, 2, 2, 2, 2, 4, 3, 3, 3, 3, 3, 3, 3, 3, 3, 3, 3]
[2, 2, 2, 2, 2, 2, 2, 2, 2, 2, 2, 3, 2, 2, 2, 2, 2, 2, 2, 2, 3, 2, 2, 2, 2, 2, 2, 2, 2, 2, 2, 2]
[2, 2, 2, 2, 2, 2, 2, 2, 2, 2, 2, 3, 2, 2, 2, 2, 2, 2, 2, 2, 3, 2, 2, 2, 2, 2, 2, 2, 2, 2, 2, 2]
[2, 2, 2, 2, 2, 2, 2, 2, 2, 2, 2, 3, 2, 2, 2, 2, 2, 2, 2, 2, 3, 2, 2, 2, 2, 2, 2, 2, 2, 2, 2, 2]
[2, 2, 2, 2, 2, 2, 2, 2, 2, 2, 2, 3, 2, 2, 2, 2, 2, 2, 2, 2, 3, 2, 2, 2, 2, 2, 2, 2, 2, 2, 2, 2]
[2, 2, 2, 2, 2, 2, 2, 2, 2, 2, 2, 3, 2, 2, 2, 2, 2, 2, 2, 2, 3, 2, 2, 2, 2, 2, 2, 2, 2, 2, 2, 2]
[2, 2, 2, 2, 2, 2, 2, 2, 2, 2, 2, 3, 2, 2, 2, 2, 2, 2, 2, 2, 3, 2, 2, 2, 2, 2, 2, 2, 2, 2, 2, 2]
[2, 2, 2, 2, 2, 2, 2, 2, 2, 2, 2, 3, 2, 2, 2, 2, 2, 2, 2, 2, 3, 2, 2, 2, 2, 2, 2, 2, 2, 2, 2, 2]
[2, 2, 2, 2, 2, 2, 2, 2, 2, 2, 2, 3, 2, 2, 2, 2, 2, 2, 2, 2, 3, 2, 2, 2, 2, 2, 2, 2, 2, 2, 2, 2]
[2, 2, 2, 2, 2, 2, 2, 2, 2, 2, 2, 3, 2, 2, 2, 2, 2, 2, 2, 2, 3, 2, 2, 2, 2, 2, 2, 2, 2, 2, 2, 2]
[2, 2, 2, 2, 2, 2, 2, 2, 2, 2, 2, 3, 2, 2, 2, 2, 2, 2, 2, 2, 3, 2, 2, 2, 2, 2, 2, 2, 2, 2, 2, 2]
[2, 2, 2, 2, 2, 2, 2, 2, 2, 2, 2, 3, 2, 2, 2, 2, 2, 2, 2, 2, 3, 2, 2, 2, 2, 2, 2, 2, 2, 2, 2, 2]
Edges: 1008
Moves: 2016
Max Clique Size: 2
Number of Max Cliques: 1072
Number of Connected Components: 129
Connected Components Spatial Distribution
[  2,  2,  2,  2,  2,  2,  2,  2,  2,  2,  2,  2,  2,  2,  2,  2,  2,  2,  2,  2,  2,  2,  2,  2,  2,  2,  2,  2,  2,  2,  2,  2]
[  2, 88, 25, 78, 32, 18, 16, 74, 70,  2,  2,  2,  2,  2,  2,  2,  2,  2,  2,  2,  2,  2,  2, 88, 25, 78, 32, 18, 16, 74, 70,  2]
[  2, 68, 44, 17, 14, 20, 45, 51,  5,  2,  2,  2,  2,  2,  2,  2,  2,  2,  2,  2,  2,  2,  2, 68, 44, 17, 14, 20, 45, 51,  5,  2]
[  2, 53, 64, 41, 10, 65, 69,  1, 26,  2,  2,  2, 88, 25, 78, 32, 18, 16, 74, 70,  2,  2,  2, 53, 64, 41, 10, 65, 69,  1, 26,  2]
[  2,  8, 43, 54, 60, 13, 36, 34, 56,  2,  2,  2, 68, 44, 17, 14, 20, 45, 51,  5,  2,  2,  2,  8, 43, 54, 60, 13, 36, 34, 56,  2]
[  2, 39, 15, 61, 19, 29, 49, 58,  9,  2,  2,  2, 53, 64, 41, 10, 65, 69,  1, 26,  2,  2,  2, 39, 15, 61, 19, 29, 49, 58,  9,  2]
[  2, 12, 37, 28, 77, 33,  4, 67, 76,  2,  2,  2,  8, 43, 54, 60, 13, 36, 34, 56,  2,  2,  2, 12, 37, 28, 77, 33,  4, 67, 76,  2]
[  2, 91, 46, 80, 55,  3, 27, 47, 48,  2,  2,  2, 39, 15, 61, 19, 29, 49, 58,  9,  2,  2,  2, 91, 46, 80, 55,  3, 27, 47, 48,  2]
[  2, 72,  6, 24, 42, 79, 57, 23, 40,  2,  2,  2, 12, 37, 28, 77, 33,  4, 67, 76,  2,  2,  2, 72,  6, 24, 42, 79, 57, 23, 40,  2]
[  2,  2,  2,  2,  2,  2,  2,  2,  2,  2,  2,  2, 91, 46, 80, 55,  3, 27, 47, 48,  2,  2,  2,  2,  2,  2,  2,  2,  2,  2,  2,  2]
[  2,  2,  2,  2,  2,  2,  2,  2,  2,  2,  2,  2, 72,  6, 24, 42, 79, 57, 23, 40,  2,  2,  2,  2,  2,  2,  2,  2,  2,  2,  2,  2]
[  2,  2,  2,  2,  2,  2,  2,  2,  2,  2,  2,  2,  2,  2,  2,  2,  2,  2,  2,  2,  2,  2,  2,  2,  2,  2,  2,  2,  2,  2,  2,  2]
[  2,  2,  2, 88, 25, 78, 32, 18, 16, 74, 70,  2,114,108, 86,107,112,106,122,105,  2, 88, 25, 78, 32, 18, 16, 74, 70,  2,  2,  2]
[  2,  2,  2, 68, 44, 17, 14, 20, 45, 51,  5,  2, 83, 31,126, 30, 81, 22, 94, 21,  2, 68, 44, 17, 14, 20, 45, 51,  5,  2,  2,  2]
[  2,  2,  2, 53, 64, 41, 10, 65, 69,  1, 26,  2,123, 96, 71,118,120, 93,113,116,  2, 53, 64, 41, 10, 65, 69,  1, 26,  2,  2,  2]
[  2,  2,  2,  8, 43, 54, 60, 13, 36, 34, 56,  2, 95,124,117, 73, 92,121, 82, 66,  2,  8, 43, 54, 60, 13, 36, 34, 56,  2,  2,  2]
[  2,  2,  2, 39, 15, 61, 19, 29, 49, 58,  9,  2, 90, 84,109,101,119,110,102,125,  2, 39, 15, 61, 19, 29, 49, 58,  9,  2,  2,  2]
[  2,  2,  2, 12, 37, 28, 77, 33,  4, 67, 76,  2, 11,115, 75,129, 87, 50, 59, 85,  2, 12, 37, 28, 77, 33,  4, 67, 76,  2,  2,  2]
[  2,  2,  2, 91, 46, 80, 55,  3, 27, 47, 48,  2,103, 63, 98,111,127,100, 89, 35,  2, 91, 46, 80, 55,  3, 27, 47, 48,  2,  2,  2]
[  2,  2,  2, 72,  6, 24, 42, 79, 57, 23, 40,  2, 62,104, 38, 52, 99,128,  7, 97,  2, 72,  6, 24, 42, 79, 57, 23, 40,  2,  2,  2]
[  2,  2,  2,  2,  2,  2,  2,  2,  2,  2,  2,  2,  2,  2,  2,  2,  2,  2,  2,  2,  2,  2,  2,  2,  2,  2,  2,  2,  2,  2,  2,  2]
[  2,  2,  2,  2,  2,  2,  2,  2,  2,  2,  2,  2, 88, 25, 78, 32, 18, 16, 74, 70,  2,  2,  2,  2,  2,  2,  2,  2,  2,  2,  2,  2]
[  2,  2,  2,  2,  2,  2,  2,  2,  2,  2,  2,  2, 68, 44, 17, 14, 20, 45, 51,  5,  2,  2,  2,  2,  2,  2,  2,  2,  2,  2,  2,  2]
[  2, 88, 25, 78, 32, 18, 16, 74, 70,  2,  2,  2, 53, 64, 41, 10, 65, 69,  1, 26,  2,  2,  2, 88, 25, 78, 32, 18, 16, 74, 70,  2]
[  2, 68, 44, 17, 14, 20, 45, 51,  5,  2,  2,  2,  8, 43, 54, 60, 13, 36, 34, 56,  2,  2,  2, 68, 44, 17, 14, 20, 45, 51,  5,  2]
[  2, 53, 64, 41, 10, 65, 69,  1, 26,  2,  2,  2, 39, 15, 61, 19, 29, 49, 58,  9,  2,  2,  2, 53, 64, 41, 10, 65, 69,  1, 26,  2]
[  2,  8, 43, 54, 60, 13, 36, 34, 56,  2,  2,  2, 12, 37, 28, 77, 33,  4, 67, 76,  2,  2,  2,  8, 43, 54, 60, 13, 36, 34, 56,  2]
[  2, 39, 15, 61, 19, 29, 49, 58,  9,  2,  2,  2, 91, 46, 80, 55,  3, 27, 47, 48,  2,  2,  2, 39, 15, 61, 19, 29, 49, 58,  9,  2]
[  2, 12, 37, 28, 77, 33,  4, 67, 76,  2,  2,  2, 72,  6, 24, 42, 79, 57, 23, 40,  2,  2,  2, 12, 37, 28, 77, 33,  4, 67, 76,  2]
[  2, 91, 46, 80, 55,  3, 27, 47, 48,  2,  2,  2,  2,  2,  2,  2,  2,  2,  2,  2,  2,  2,  2, 91, 46, 80, 55,  3, 27, 47, 48,  2]
[  2, 72,  6, 24, 42, 79, 57, 23, 40,  2,  2,  2,  2,  2,  2,  2,  2,  2,  2,  2,  2,  2,  2, 72,  6, 24, 42, 79, 57, 23, 40,  2]
[  2,  2,  2,  2,  2,  2,  2,  2,  2,  2,  2,  2,  2,  2,  2,  2,  2,  2,  2,  2,  2,  2,  2,  2,  2,  2,  2,  2,  2,  2,  2,  2]
