[d, p, q] = [31, 1, 30]
784,0,228,8,4
Degree Spatial distribution
[2, 3, 2, 2, 2, 2, 2, 2, 2, 2, 2, 2, 2, 2, 2, 2, 2, 2, 2, 2, 2, 2, 2, 2, 2, 2, 2, 2, 2, 2, 3, 2]
[3, 4, 2, 2, 2, 2, 2, 2, 2, 2, 2, 2, 2, 2, 2, 2, 2, 2, 2, 2, 2, 2, 2, 2, 2, 2, 2, 2, 2, 2, 4, 3]
[2, 2, 0, 0, 0, 0, 0, 0, 0, 0, 0, 0, 0, 0, 0, 0, 0, 0, 0, 0, 0, 0, 0, 0, 0, 0, 0, 0, 0, 0, 2, 2]
[2, 2, 0, 0, 0, 0, 0, 0, 0, 0, 0, 0, 0, 0, 0, 0, 0, 0, 0, 0, 0, 0, 0, 0, 0, 0, 0, 0, 0, 0, 2, 2]
[2, 2, 0, 0, 0, 0, 0, 0, 0, 0, 0, 0, 0, 0, 0, 0, 0, 0, 0, 0, 0, 0, 0, 0, 0, 0, 0, 0, 0, 0, 2, 2]
[2, 2, 0, 0, 0, 0, 0, 0, 0, 0, 0, 0, 0, 0, 0, 0, 0, 0, 0, 0, 0, 0, 0, 0, 0, 0, 0, 0, 0, 0, 2, 2]
[2, 2, 0, 0, 0, 0, 0, 0, 0, 0, 0, 0, 0, 0, 0, 0, 0, 0, 0, 0, 0, 0, 0, 0, 0, 0, 0, 0, 0, 0, 2, 2]
[2, 2, 0, 0, 0, 0, 0, 0, 0, 0, 0, 0, 0, 0, 0, 0, 0, 0, 0, 0, 0, 0, 0, 0, 0, 0, 0, 0, 0, 0, 2, 2]
[2, 2, 0, 0, 0, 0, 0, 0, 0, 0, 0, 0, 0, 0, 0, 0, 0, 0, 0, 0, 0, 0, 0, 0, 0, 0, 0, 0, 0, 0, 2, 2]
[2, 2, 0, 0, 0, 0, 0, 0, 0, 0, 0, 0, 0, 0, 0, 0, 0, 0, 0, 0, 0, 0, 0, 0, 0, 0, 0, 0, 0, 0, 2, 2]
[2, 2, 0, 0, 0, 0, 0, 0, 0, 0, 0, 0, 0, 0, 0, 0, 0, 0, 0, 0, 0, 0, 0, 0, 0, 0, 0, 0, 0, 0, 2, 2]
[2, 2, 0, 0, 0, 0, 0, 0, 0, 0, 0, 0, 0, 0, 0, 0, 0, 0, 0, 0, 0, 0, 0, 0, 0, 0, 0, 0, 0, 0, 2, 2]
[2, 2, 0, 0, 0, 0, 0, 0, 0, 0, 0, 0, 0, 0, 0, 0, 0, 0, 0, 0, 0, 0, 0, 0, 0, 0, 0, 0, 0, 0, 2, 2]
[2, 2, 0, 0, 0, 0, 0, 0, 0, 0, 0, 0, 0, 0, 0, 0, 0, 0, 0, 0, 0, 0, 0, 0, 0, 0, 0, 0, 0, 0, 2, 2]
[2, 2, 0, 0, 0, 0, 0, 0, 0, 0, 0, 0, 0, 0, 0, 0, 0, 0, 0, 0, 0, 0, 0, 0, 0, 0, 0, 0, 0, 0, 2, 2]
[2, 2, 0, 0, 0, 0, 0, 0, 0, 0, 0, 0, 0, 0, 0, 0, 0, 0, 0, 0, 0, 0, 0, 0, 0, 0, 0, 0, 0, 0, 2, 2]
[2, 2, 0, 0, 0, 0, 0, 0, 0, 0, 0, 0, 0, 0, 0, 0, 0, 0, 0, 0, 0, 0, 0, 0, 0, 0, 0, 0, 0, 0, 2, 2]
[2, 2, 0, 0, 0, 0, 0, 0, 0, 0, 0, 0, 0, 0, 0, 0, 0, 0, 0, 0, 0, 0, 0, 0, 0, 0, 0, 0, 0, 0, 2, 2]
[2, 2, 0, 0, 0, 0, 0, 0, 0, 0, 0, 0, 0, 0, 0, 0, 0, 0, 0, 0, 0, 0, 0, 0, 0, 0, 0, 0, 0, 0, 2, 2]
[2, 2, 0, 0, 0, 0, 0, 0, 0, 0, 0, 0, 0, 0, 0, 0, 0, 0, 0, 0, 0, 0, 0, 0, 0, 0, 0, 0, 0, 0, 2, 2]
[2, 2, 0, 0, 0, 0, 0, 0, 0, 0, 0, 0, 0, 0, 0, 0, 0, 0, 0, 0, 0, 0, 0, 0, 0, 0, 0, 0, 0, 0, 2, 2]
[2, 2, 0, 0, 0, 0, 0, 0, 0, 0, 0, 0, 0, 0, 0, 0, 0, 0, 0, 0, 0, 0, 0, 0, 0, 0, 0, 0, 0, 0, 2, 2]
[2, 2, 0, 0, 0, 0, 0, 0, 0, 0, 0, 0, 0, 0, 0, 0, 0, 0, 0, 0, 0, 0, 0, 0, 0, 0, 0, 0, 0, 0, 2, 2]
[2, 2, 0, 0, 0, 0, 0, 0, 0, 0, 0, 0, 0, 0, 0, 0, 0, 0, 0, 0, 0, 0, 0, 0, 0, 0, 0, 0, 0, 0, 2, 2]
[2, 2, 0, 0, 0, 0, 0, 0, 0, 0, 0, 0, 0, 0, 0, 0, 0, 0, 0, 0, 0, 0, 0, 0, 0, 0, 0, 0, 0, 0, 2, 2]
[2, 2, 0, 0, 0, 0, 0, 0, 0, 0, 0, 0, 0, 0, 0, 0, 0, 0, 0, 0, 0, 0, 0, 0, 0, 0, 0, 0, 0, 0, 2, 2]
[2, 2, 0, 0, 0, 0, 0, 0, 0, 0, 0, 0, 0, 0, 0, 0, 0, 0, 0, 0, 0, 0, 0, 0, 0, 0, 0, 0, 0, 0, 2, 2]
[2, 2, 0, 0, 0, 0, 0, 0, 0, 0, 0, 0, 0, 0, 0, 0, 0, 0, 0, 0, 0, 0, 0, 0, 0, 0, 0, 0, 0, 0, 2, 2]
[2, 2, 0, 0, 0, 0, 0, 0, 0, 0, 0, 0, 0, 0, 0, 0, 0, 0, 0, 0, 0, 0, 0, 0, 0, 0, 0, 0, 0, 0, 2, 2]
[2, 2, 0, 0, 0, 0, 0, 0, 0, 0, 0, 0, 0, 0, 0, 0, 0, 0, 0, 0, 0, 0, 0, 0, 0, 0, 0, 0, 0, 0, 2, 2]
[3, 4, 2, 2, 2, 2, 2, 2, 2, 2, 2, 2, 2, 2, 2, 2, 2, 2, 2, 2, 2, 2, 2, 2, 2, 2, 2, 2, 2, 2, 4, 3]
[2, 3, 2, 2, 2, 2, 2, 2, 2, 2, 2, 2, 2, 2, 2, 2, 2, 2, 2, 2, 2, 2, 2, 2, 2, 2, 2, 2, 2, 2, 3, 2]
Edges: 248
Moves: 496
Max Clique Size: 2
Number of Max Cliques: 1032
Number of Connected Components: 785
Connected Components Spatial Distribution
[  2,  2,  2,  2,  2,  2,  2,  2,  2,  2,  2,  2,  2,  2,  2,  2,  2,  2,  2,  2,  2,  2,  2,  2,  2,  2,  2,  2,  2,  2,  2,  2]
[  2,  2,  2,  2,  2,  2,  2,  2,  2,  2,  2,  2,  2,  2,  2,  2,  2,  2,  2,  2,  2,  2,  2,  2,  2,  2,  2,  2,  2,  2,  2,  2]
[  2,  2,663, 26,723,398,309,459,228,679,593,741,654,327,235,390,154,611,528,672,585,258,164,320, 85,543,454,604,519,185,  2,  2]
[  2,  2,335,365,396,726,758,  1,678,229,263,291,324,656,685,717,608,157,193,221,255,588,618,650,542, 87,116,149,182,521,  2,  2]
[  2,  2,545,148,367,276,667, 96,353,261,475, 75,295,203,597, 21,278,190,406,  7,225,132,530,738,206,113,336,722,151, 59,  2,  2]
[  2,  2,209,487, 27,606,340,433, 15,591,137,414,745,540,267,359,728,525, 67,346,675,470,195,288,658,451,782,274,605,399,  2,  2]
[  2,  2,428,273,488,152,549,217,471,135,354,198,418, 83,479,144,400, 64,283,126,349, 14,410, 72,329,779,210, 56,275,727,  2,  2]
[  2,  2, 90,603,150,490,214,552,133,473, 16,533, 79,422,141,482, 61,403,733,464, 11,352, 71,411,776,332,664,395,724,277,  2,  2]
[  2,  2,306,394,304,211,729,643,589,502,412,139, 49,749, 48,748,344,252,160,251,159, 69,590,503,448,358,272,785,695,607,  2,  2]
[  2,  2,755,721,754,546,401,191,259, 41, 73,477,510,299,509,298,  4,582,614,581,613,408,260, 42,110,687,720,339,368,153,  2,  2]
[  2,  2,183,516,427, 91,609,761,707,382,289,265,172,630,714, 82,461,127, 36,373,282,735,472,620,566,238,147,118, 28,491,  2,  2]
[  2,  2,637, 55, 88,429,279,312,380,709,739,595,626,176,387,421,123,465,497,700,732,285,134,166,234,569,602,457,489, 30,  2,  2]
[  2,  2, 58,633, 57,756,187,404, 39,737,167,385,598,513,294,512,578,494,705,493,704,616, 40,262,684,599, 24,243,458,370,  2,  2]
[  2,  2,520,179,518,307,640,731,500,287,621,712,268, 52,744, 51,248, 33,378, 32,377,162,501,592,356,143,485,573,120,697,  2,  2]
[  2,  2,725,752,181,638, 62,526,163,619, 43,506,715,391,171,629,698,374,586,610, 35,499,708,383, 18,481,691,366,575,247,  2,  2]
[  2,  2,397,302,635,184,523, 65,617,165,504, 45,388,718,625,175,371,701,256,156,496, 38,381,710,478, 20,363,693,245,577,  2,  2]
[  2,  2,177,522,431,342,249,158,711,623,537,446,357,270,536,445,645,558,468,730,644,557,467,379,140, 50,751,660,571,486,  2,  2]
[  2,  2,631, 60, 94,670,699,495,384,169,201,774, 19,600,200,773,315,102,130,280,314,101,129,706,596,389,424,207,240, 25,  2,  2]
[  2,  2, 53,639,550,218,124,281, 44,507,419,565,480,145,417,564,764,439,350, 63,763,438,348,498,266,716,632,778,689,364,  2,  2]
[  2,  2,514,186,215,553,579,612,505, 46, 80,108,142,483, 78,107,436,766, 12,402,435,765, 10, 37,713,269,301,331,361,692,  2,  2]
[  2,  2,719,757,188, 97,492,702,168, 76,296,683,111, 22,770,202, 99,  8,226,189,405,316,703,131,386,297,515,112,334,242,  2,  2]
[  2,  2,392,308,641,434,155,253,622,415,746,233,567,360,443,539,555,347,676,524, 66,646,376,469, 47,628,178,450,781,572,  2,  2]
[  2,  2,601, 93,310,762,372, 34,290,742,173, 17,236,688,653,326,219,673,103,311,527,194,584,257,508,174,393,237,453,117,  2,  2]
[  2,  2,271,430,759,313, 31,375,740,292,627,355,686,239,323,655,671,222,560,642,192,529,254,587,170,511, 54,568,115,455,  2,  2]
[  2,  2,484,213,119, 29,556,466,413,322,231,750,659,570,230,138,161, 70,768,432,343,250,767,677,624,538,447,180, 89,783,  2,  2]
[  2,  2,146,548,574,369,220,  9, 74,652,681,300,330,114,680,476,615,409,441,760,  3,580,440,227,293, 81,109,517,544,337,  2,  2]
[  2,  2,362,338,244,696,437,583,532,199,106, 84,777,452,105,264,284,736,649,551,460,125,648, 13,743,420,328,303,208,665,  2,  2]
[  2,  2, 23,666,694,246,100,128,197,534,563,423,449,780,562,594,734,286,319, 95,122,463,318,351,416,747,775,634,662,212,  2,  2]
[  2,  2,241,456,668,576,  5,223,651,561,771,204,425,333,474,682,407,317,531,669, 98,  6,224,442, 77,772,205,426,636,547,  2,  2]
[  2,  2,690,784,341,121,462,559,321,104,444,541, 86,661,136,232, 68,647,196,216,554,345,674,769,535,325,657,753,305, 92,  2,  2]
[  2,  2,  2,  2,  2,  2,  2,  2,  2,  2,  2,  2,  2,  2,  2,  2,  2,  2,  2,  2,  2,  2,  2,  2,  2,  2,  2,  2,  2,  2,  2,  2]
[  2,  2,  2,  2,  2,  2,  2,  2,  2,  2,  2,  2,  2,  2,  2,  2,  2,  2,  2,  2,  2,  2,  2,  2,  2,  2,  2,  2,  2,  2,  2,  2]
