[d, p, q] = [31, 12, 19]
36,0,888,96,4
Degree Spatial distribution
[2, 2, 2, 2, 2, 2, 2, 2, 2, 2, 2, 2, 3, 2, 2, 2, 2, 2, 2, 3, 2, 2, 2, 2, 2, 2, 2, 2, 2, 2, 2, 2]
[2, 2, 2, 2, 2, 2, 2, 2, 2, 2, 2, 2, 3, 2, 2, 2, 2, 2, 2, 3, 2, 2, 2, 2, 2, 2, 2, 2, 2, 2, 2, 2]
[2, 2, 2, 2, 2, 2, 2, 2, 2, 2, 2, 2, 3, 2, 2, 2, 2, 2, 2, 3, 2, 2, 2, 2, 2, 2, 2, 2, 2, 2, 2, 2]
[2, 2, 2, 2, 2, 2, 2, 2, 2, 2, 2, 2, 3, 2, 2, 2, 2, 2, 2, 3, 2, 2, 2, 2, 2, 2, 2, 2, 2, 2, 2, 2]
[2, 2, 2, 2, 2, 2, 2, 2, 2, 2, 2, 2, 3, 2, 2, 2, 2, 2, 2, 3, 2, 2, 2, 2, 2, 2, 2, 2, 2, 2, 2, 2]
[2, 2, 2, 2, 2, 2, 2, 2, 2, 2, 2, 2, 3, 2, 2, 2, 2, 2, 2, 3, 2, 2, 2, 2, 2, 2, 2, 2, 2, 2, 2, 2]
[2, 2, 2, 2, 2, 2, 2, 2, 2, 2, 2, 2, 3, 2, 2, 2, 2, 2, 2, 3, 2, 2, 2, 2, 2, 2, 2, 2, 2, 2, 2, 2]
[2, 2, 2, 2, 2, 2, 2, 2, 2, 2, 2, 2, 3, 2, 2, 2, 2, 2, 2, 3, 2, 2, 2, 2, 2, 2, 2, 2, 2, 2, 2, 2]
[2, 2, 2, 2, 2, 2, 2, 2, 2, 2, 2, 2, 3, 2, 2, 2, 2, 2, 2, 3, 2, 2, 2, 2, 2, 2, 2, 2, 2, 2, 2, 2]
[2, 2, 2, 2, 2, 2, 2, 2, 2, 2, 2, 2, 3, 2, 2, 2, 2, 2, 2, 3, 2, 2, 2, 2, 2, 2, 2, 2, 2, 2, 2, 2]
[2, 2, 2, 2, 2, 2, 2, 2, 2, 2, 2, 2, 3, 2, 2, 2, 2, 2, 2, 3, 2, 2, 2, 2, 2, 2, 2, 2, 2, 2, 2, 2]
[2, 2, 2, 2, 2, 2, 2, 2, 2, 2, 2, 2, 3, 2, 2, 2, 2, 2, 2, 3, 2, 2, 2, 2, 2, 2, 2, 2, 2, 2, 2, 2]
[3, 3, 3, 3, 3, 3, 3, 3, 3, 3, 3, 3, 4, 2, 2, 2, 2, 2, 2, 4, 3, 3, 3, 3, 3, 3, 3, 3, 3, 3, 3, 3]
[2, 2, 2, 2, 2, 2, 2, 2, 2, 2, 2, 2, 2, 0, 0, 0, 0, 0, 0, 2, 2, 2, 2, 2, 2, 2, 2, 2, 2, 2, 2, 2]
[2, 2, 2, 2, 2, 2, 2, 2, 2, 2, 2, 2, 2, 0, 0, 0, 0, 0, 0, 2, 2, 2, 2, 2, 2, 2, 2, 2, 2, 2, 2, 2]
[2, 2, 2, 2, 2, 2, 2, 2, 2, 2, 2, 2, 2, 0, 0, 0, 0, 0, 0, 2, 2, 2, 2, 2, 2, 2, 2, 2, 2, 2, 2, 2]
[2, 2, 2, 2, 2, 2, 2, 2, 2, 2, 2, 2, 2, 0, 0, 0, 0, 0, 0, 2, 2, 2, 2, 2, 2, 2, 2, 2, 2, 2, 2, 2]
[2, 2, 2, 2, 2, 2, 2, 2, 2, 2, 2, 2, 2, 0, 0, 0, 0, 0, 0, 2, 2, 2, 2, 2, 2, 2, 2, 2, 2, 2, 2, 2]
[2, 2, 2, 2, 2, 2, 2, 2, 2, 2, 2, 2, 2, 0, 0, 0, 0, 0, 0, 2, 2, 2, 2, 2, 2, 2, 2, 2, 2, 2, 2, 2]
[3, 3, 3, 3, 3, 3, 3, 3, 3, 3, 3, 3, 4, 2, 2, 2, 2, 2, 2, 4, 3, 3, 3, 3, 3, 3, 3, 3, 3, 3, 3, 3]
[2, 2, 2, 2, 2, 2, 2, 2, 2, 2, 2, 2, 3, 2, 2, 2, 2, 2, 2, 3, 2, 2, 2, 2, 2, 2, 2, 2, 2, 2, 2, 2]
[2, 2, 2, 2, 2, 2, 2, 2, 2, 2, 2, 2, 3, 2, 2, 2, 2, 2, 2, 3, 2, 2, 2, 2, 2, 2, 2, 2, 2, 2, 2, 2]
[2, 2, 2, 2, 2, 2, 2, 2, 2, 2, 2, 2, 3, 2, 2, 2, 2, 2, 2, 3, 2, 2, 2, 2, 2, 2, 2, 2, 2, 2, 2, 2]
[2, 2, 2, 2, 2, 2, 2, 2, 2, 2, 2, 2, 3, 2, 2, 2, 2, 2, 2, 3, 2, 2, 2, 2, 2, 2, 2, 2, 2, 2, 2, 2]
[2, 2, 2, 2, 2, 2, 2, 2, 2, 2, 2, 2, 3, 2, 2, 2, 2, 2, 2, 3, 2, 2, 2, 2, 2, 2, 2, 2, 2, 2, 2, 2]
[2, 2, 2, 2, 2, 2, 2, 2, 2, 2, 2, 2, 3, 2, 2, 2, 2, 2, 2, 3, 2, 2, 2, 2, 2, 2, 2, 2, 2, 2, 2, 2]
[2, 2, 2, 2, 2, 2, 2, 2, 2, 2, 2, 2, 3, 2, 2, 2, 2, 2, 2, 3, 2, 2, 2, 2, 2, 2, 2, 2, 2, 2, 2, 2]
[2, 2, 2, 2, 2, 2, 2, 2, 2, 2, 2, 2, 3, 2, 2, 2, 2, 2, 2, 3, 2, 2, 2, 2, 2, 2, 2, 2, 2, 2, 2, 2]
[2, 2, 2, 2, 2, 2, 2, 2, 2, 2, 2, 2, 3, 2, 2, 2, 2, 2, 2, 3, 2, 2, 2, 2, 2, 2, 2, 2, 2, 2, 2, 2]
[2, 2, 2, 2, 2, 2, 2, 2, 2, 2, 2, 2, 3, 2, 2, 2, 2, 2, 2, 3, 2, 2, 2, 2, 2, 2, 2, 2, 2, 2, 2, 2]
[2, 2, 2, 2, 2, 2, 2, 2, 2, 2, 2, 2, 3, 2, 2, 2, 2, 2, 2, 3, 2, 2, 2, 2, 2, 2, 2, 2, 2, 2, 2, 2]
[2, 2, 2, 2, 2, 2, 2, 2, 2, 2, 2, 2, 3, 2, 2, 2, 2, 2, 2, 3, 2, 2, 2, 2, 2, 2, 2, 2, 2, 2, 2, 2]
Edges: 1040
Moves: 2080
Max Clique Size: 2
Number of Max Cliques: 1076
Number of Connected Components: 77
Connected Components Spatial Distribution
[ 1, 1, 1, 1, 1, 1, 1, 1, 1, 1, 1, 1, 1, 1, 1, 1, 1, 1, 1, 1, 1, 1, 1, 1, 1, 1, 1, 1, 1, 1, 1, 1]
[ 1,10,34,13,23, 5,30, 1, 1, 1, 1, 1, 1, 1, 1,22,15, 1, 1, 1, 1, 1, 1, 1, 1,10,34,13,23, 5,30, 1]
[ 1,17,38,12,25, 7,31, 1, 1, 1, 1, 1, 1, 1, 1, 6, 4, 1, 1, 1, 1, 1, 1, 1, 1,17,38,12,25, 7,31, 1]
[ 1,29,11,41,44,48, 9, 1, 1, 1,22,15, 1, 1, 1, 1, 1, 1, 1, 1,22,15, 1, 1, 1,29,11,41,44,48, 9, 1]
[ 1, 8,43,40, 2,24, 3, 1, 1, 1, 6, 4, 1, 1, 1, 1, 1, 1, 1, 1, 6, 4, 1, 1, 1, 8,43,40, 2,24, 3, 1]
[ 1,52,32,27,14,26,18, 1, 1, 1, 1, 1, 1, 1, 1, 1, 1, 1, 1, 1, 1, 1, 1, 1, 1,52,32,27,14,26,18, 1]
[ 1,35,28,19,36,42,54, 1, 1, 1, 1, 1, 1,10,34,13,23, 5,30, 1, 1, 1, 1, 1, 1,35,28,19,36,42,54, 1]
[ 1, 1, 1, 1, 1, 1, 1, 1, 1, 1, 1, 1, 1,17,38,12,25, 7,31, 1, 1, 1, 1, 1, 1, 1, 1, 1, 1, 1, 1, 1]
[ 1, 1, 1, 1, 1, 1, 1, 1,22,15, 1, 1, 1,29,11,41,44,48, 9, 1, 1, 1,22,15, 1, 1, 1, 1, 1, 1, 1, 1]
[ 1, 1, 1, 1, 1, 1, 1, 1, 6, 4, 1, 1, 1, 8,43,40, 2,24, 3, 1, 1, 1, 6, 4, 1, 1, 1, 1, 1, 1, 1, 1]
[ 1, 1, 1,22,15, 1, 1, 1, 1, 1, 1, 1, 1,52,32,27,14,26,18, 1, 1, 1, 1, 1, 1, 1, 1,22,15, 1, 1, 1]
[ 1, 1, 1, 6, 4, 1, 1, 1, 1, 1, 1, 1, 1,35,28,19,36,42,54, 1, 1, 1, 1, 1, 1, 1, 1, 6, 4, 1, 1, 1]
[ 1, 1, 1, 1, 1, 1, 1, 1, 1, 1, 1, 1, 1, 1, 1, 1, 1, 1, 1, 1, 1, 1, 1, 1, 1, 1, 1, 1, 1, 1, 1, 1]
[ 1, 1, 1, 1, 1, 1,10,34,13,23, 5,30, 1,21,75,20,49,16,58, 1,10,34,13,23, 5,30, 1, 1, 1, 1, 1, 1]
[ 1, 1, 1, 1, 1, 1,17,38,12,25, 7,31, 1,59,45,70,72,57,67, 1,17,38,12,25, 7,31, 1, 1, 1, 1, 1, 1]
[ 1,22,15, 1, 1, 1,29,11,41,44,48, 9, 1,74,69,46,56,73,50, 1,29,11,41,44,48, 9, 1, 1, 1,22,15, 1]
[ 1, 6, 4, 1, 1, 1, 8,43,40, 2,24, 3, 1,51,64,62,71,65,63, 1, 8,43,40, 2,24, 3, 1, 1, 1, 6, 4, 1]
[ 1, 1, 1, 1, 1, 1,52,32,27,14,26,18, 1,68,47,77,53,33,37, 1,52,32,27,14,26,18, 1, 1, 1, 1, 1, 1]
[ 1, 1, 1, 1, 1, 1,35,28,19,36,42,54, 1,39,60,66,76,61,55, 1,35,28,19,36,42,54, 1, 1, 1, 1, 1, 1]
[ 1, 1, 1, 1, 1, 1, 1, 1, 1, 1, 1, 1, 1, 1, 1, 1, 1, 1, 1, 1, 1, 1, 1, 1, 1, 1, 1, 1, 1, 1, 1, 1]
[ 1, 1, 1,22,15, 1, 1, 1, 1, 1, 1, 1, 1,10,34,13,23, 5,30, 1, 1, 1, 1, 1, 1, 1, 1,22,15, 1, 1, 1]
[ 1, 1, 1, 6, 4, 1, 1, 1, 1, 1, 1, 1, 1,17,38,12,25, 7,31, 1, 1, 1, 1, 1, 1, 1, 1, 6, 4, 1, 1, 1]
[ 1, 1, 1, 1, 1, 1, 1, 1,22,15, 1, 1, 1,29,11,41,44,48, 9, 1, 1, 1,22,15, 1, 1, 1, 1, 1, 1, 1, 1]
[ 1, 1, 1, 1, 1, 1, 1, 1, 6, 4, 1, 1, 1, 8,43,40, 2,24, 3, 1, 1, 1, 6, 4, 1, 1, 1, 1, 1, 1, 1, 1]
[ 1, 1, 1, 1, 1, 1, 1, 1, 1, 1, 1, 1, 1,52,32,27,14,26,18, 1, 1, 1, 1, 1, 1, 1, 1, 1, 1, 1, 1, 1]
[ 1,10,34,13,23, 5,30, 1, 1, 1, 1, 1, 1,35,28,19,36,42,54, 1, 1, 1, 1, 1, 1,10,34,13,23, 5,30, 1]
[ 1,17,38,12,25, 7,31, 1, 1, 1, 1, 1, 1, 1, 1, 1, 1, 1, 1, 1, 1, 1, 1, 1, 1,17,38,12,25, 7,31, 1]
[ 1,29,11,41,44,48, 9, 1, 1, 1,22,15, 1, 1, 1, 1, 1, 1, 1, 1,22,15, 1, 1, 1,29,11,41,44,48, 9, 1]
[ 1, 8,43,40, 2,24, 3, 1, 1, 1, 6, 4, 1, 1, 1, 1, 1, 1, 1, 1, 6, 4, 1, 1, 1, 8,43,40, 2,24, 3, 1]
[ 1,52,32,27,14,26,18, 1, 1, 1, 1, 1, 1, 1, 1,22,15, 1, 1, 1, 1, 1, 1, 1, 1,52,32,27,14,26,18, 1]
[ 1,35,28,19,36,42,54, 1, 1, 1, 1, 1, 1, 1, 1, 6, 4, 1, 1, 1, 1, 1, 1, 1, 1,35,28,19,36,42,54, 1]
[ 1, 1, 1, 1, 1, 1, 1, 1, 1, 1, 1, 1, 1, 1, 1, 1, 1, 1, 1, 1, 1, 1, 1, 1, 1, 1, 1, 1, 1, 1, 1, 1]
