[d, p, q] = [31, 4, 27]
484,0,504,32,4
Degree Spatial distribution
[2, 2, 2, 2, 3, 2, 2, 2, 2, 2, 2, 2, 2, 2, 2, 2, 2, 2, 2, 2, 2, 2, 2, 2, 2, 2, 2, 3, 2, 2, 2, 2]
[2, 2, 2, 2, 3, 2, 2, 2, 2, 2, 2, 2, 2, 2, 2, 2, 2, 2, 2, 2, 2, 2, 2, 2, 2, 2, 2, 3, 2, 2, 2, 2]
[2, 2, 2, 2, 3, 2, 2, 2, 2, 2, 2, 2, 2, 2, 2, 2, 2, 2, 2, 2, 2, 2, 2, 2, 2, 2, 2, 3, 2, 2, 2, 2]
[2, 2, 2, 2, 3, 2, 2, 2, 2, 2, 2, 2, 2, 2, 2, 2, 2, 2, 2, 2, 2, 2, 2, 2, 2, 2, 2, 3, 2, 2, 2, 2]
[3, 3, 3, 3, 4, 2, 2, 2, 2, 2, 2, 2, 2, 2, 2, 2, 2, 2, 2, 2, 2, 2, 2, 2, 2, 2, 2, 4, 3, 3, 3, 3]
[2, 2, 2, 2, 2, 0, 0, 0, 0, 0, 0, 0, 0, 0, 0, 0, 0, 0, 0, 0, 0, 0, 0, 0, 0, 0, 0, 2, 2, 2, 2, 2]
[2, 2, 2, 2, 2, 0, 0, 0, 0, 0, 0, 0, 0, 0, 0, 0, 0, 0, 0, 0, 0, 0, 0, 0, 0, 0, 0, 2, 2, 2, 2, 2]
[2, 2, 2, 2, 2, 0, 0, 0, 0, 0, 0, 0, 0, 0, 0, 0, 0, 0, 0, 0, 0, 0, 0, 0, 0, 0, 0, 2, 2, 2, 2, 2]
[2, 2, 2, 2, 2, 0, 0, 0, 0, 0, 0, 0, 0, 0, 0, 0, 0, 0, 0, 0, 0, 0, 0, 0, 0, 0, 0, 2, 2, 2, 2, 2]
[2, 2, 2, 2, 2, 0, 0, 0, 0, 0, 0, 0, 0, 0, 0, 0, 0, 0, 0, 0, 0, 0, 0, 0, 0, 0, 0, 2, 2, 2, 2, 2]
[2, 2, 2, 2, 2, 0, 0, 0, 0, 0, 0, 0, 0, 0, 0, 0, 0, 0, 0, 0, 0, 0, 0, 0, 0, 0, 0, 2, 2, 2, 2, 2]
[2, 2, 2, 2, 2, 0, 0, 0, 0, 0, 0, 0, 0, 0, 0, 0, 0, 0, 0, 0, 0, 0, 0, 0, 0, 0, 0, 2, 2, 2, 2, 2]
[2, 2, 2, 2, 2, 0, 0, 0, 0, 0, 0, 0, 0, 0, 0, 0, 0, 0, 0, 0, 0, 0, 0, 0, 0, 0, 0, 2, 2, 2, 2, 2]
[2, 2, 2, 2, 2, 0, 0, 0, 0, 0, 0, 0, 0, 0, 0, 0, 0, 0, 0, 0, 0, 0, 0, 0, 0, 0, 0, 2, 2, 2, 2, 2]
[2, 2, 2, 2, 2, 0, 0, 0, 0, 0, 0, 0, 0, 0, 0, 0, 0, 0, 0, 0, 0, 0, 0, 0, 0, 0, 0, 2, 2, 2, 2, 2]
[2, 2, 2, 2, 2, 0, 0, 0, 0, 0, 0, 0, 0, 0, 0, 0, 0, 0, 0, 0, 0, 0, 0, 0, 0, 0, 0, 2, 2, 2, 2, 2]
[2, 2, 2, 2, 2, 0, 0, 0, 0, 0, 0, 0, 0, 0, 0, 0, 0, 0, 0, 0, 0, 0, 0, 0, 0, 0, 0, 2, 2, 2, 2, 2]
[2, 2, 2, 2, 2, 0, 0, 0, 0, 0, 0, 0, 0, 0, 0, 0, 0, 0, 0, 0, 0, 0, 0, 0, 0, 0, 0, 2, 2, 2, 2, 2]
[2, 2, 2, 2, 2, 0, 0, 0, 0, 0, 0, 0, 0, 0, 0, 0, 0, 0, 0, 0, 0, 0, 0, 0, 0, 0, 0, 2, 2, 2, 2, 2]
[2, 2, 2, 2, 2, 0, 0, 0, 0, 0, 0, 0, 0, 0, 0, 0, 0, 0, 0, 0, 0, 0, 0, 0, 0, 0, 0, 2, 2, 2, 2, 2]
[2, 2, 2, 2, 2, 0, 0, 0, 0, 0, 0, 0, 0, 0, 0, 0, 0, 0, 0, 0, 0, 0, 0, 0, 0, 0, 0, 2, 2, 2, 2, 2]
[2, 2, 2, 2, 2, 0, 0, 0, 0, 0, 0, 0, 0, 0, 0, 0, 0, 0, 0, 0, 0, 0, 0, 0, 0, 0, 0, 2, 2, 2, 2, 2]
[2, 2, 2, 2, 2, 0, 0, 0, 0, 0, 0, 0, 0, 0, 0, 0, 0, 0, 0, 0, 0, 0, 0, 0, 0, 0, 0, 2, 2, 2, 2, 2]
[2, 2, 2, 2, 2, 0, 0, 0, 0, 0, 0, 0, 0, 0, 0, 0, 0, 0, 0, 0, 0, 0, 0, 0, 0, 0, 0, 2, 2, 2, 2, 2]
[2, 2, 2, 2, 2, 0, 0, 0, 0, 0, 0, 0, 0, 0, 0, 0, 0, 0, 0, 0, 0, 0, 0, 0, 0, 0, 0, 2, 2, 2, 2, 2]
[2, 2, 2, 2, 2, 0, 0, 0, 0, 0, 0, 0, 0, 0, 0, 0, 0, 0, 0, 0, 0, 0, 0, 0, 0, 0, 0, 2, 2, 2, 2, 2]
[2, 2, 2, 2, 2, 0, 0, 0, 0, 0, 0, 0, 0, 0, 0, 0, 0, 0, 0, 0, 0, 0, 0, 0, 0, 0, 0, 2, 2, 2, 2, 2]
[3, 3, 3, 3, 4, 2, 2, 2, 2, 2, 2, 2, 2, 2, 2, 2, 2, 2, 2, 2, 2, 2, 2, 2, 2, 2, 2, 4, 3, 3, 3, 3]
[2, 2, 2, 2, 3, 2, 2, 2, 2, 2, 2, 2, 2, 2, 2, 2, 2, 2, 2, 2, 2, 2, 2, 2, 2, 2, 2, 3, 2, 2, 2, 2]
[2, 2, 2, 2, 3, 2, 2, 2, 2, 2, 2, 2, 2, 2, 2, 2, 2, 2, 2, 2, 2, 2, 2, 2, 2, 2, 2, 3, 2, 2, 2, 2]
[2, 2, 2, 2, 3, 2, 2, 2, 2, 2, 2, 2, 2, 2, 2, 2, 2, 2, 2, 2, 2, 2, 2, 2, 2, 2, 2, 3, 2, 2, 2, 2]
[2, 2, 2, 2, 3, 2, 2, 2, 2, 2, 2, 2, 2, 2, 2, 2, 2, 2, 2, 2, 2, 2, 2, 2, 2, 2, 2, 3, 2, 2, 2, 2]
Edges: 560
Moves: 1120
Max Clique Size: 2
Number of Max Cliques: 1044
Number of Connected Components: 485
Connected Components Spatial Distribution
[  1,  1,  1,  1,  1,  1,  1,  1,  1,  1,  1,  1,  1,  1,  1,  1,  1,  1,  1,  1,  1,  1,  1,  1,  1,  1,  1,  1,  1,  1,  1,  1]
[  1,  1,  1,  1,  1,  1,  1,  1,  1,  1,  1,  1,  1,  1,  1,  1,  1,  1,  1,  1,  1,  1,  1,  1,  1,  1,  1,  1,  1,  1,  1,  1]
[  1,  1,  1,  1,  1,  1,  1,  1,  1,  1,  1,  1,  1,  1,  1,  1,  1,  1,  1,  1,  1,  1,  1,  1,  1,  1,  1,  1,  1,  1,  1,  1]
[  1,  1,  1,  1,  1,  1,  1,  1,  1,  1,  1,  1,  1,  1,  1,  1,  1,  1,  1,  1,  1,  1,  1,  1,  1,  1,  1,  1,  1,  1,  1,  1]
[  1,  1,  1,  1,  1,  1,  1,  1,  1,  1,  1,  1,  1,  1,  1,  1,  1,  1,  1,  1,  1,  1,  1,  1,  1,  1,  1,  1,  1,  1,  1,  1]
[  1,  1,  1,  1,  1,376,204,267, 11,368, 89,256,463,340,165,219,449,330, 49,208,416,291,127,178,410,281,485,  1,  1,  1,  1,  1]
[  1,  1,  1,  1,  1, 99,342,136,292, 88,214,128,259, 62,298, 96,244, 46,174, 81,211, 10,252, 53,201,484,133,  1,  1,  1,  1,  1]
[  1,  1,  1,  1,  1,304,135,344, 86,294, 12,335, 58,263, 93,301, 43,247,454,285,  7,213, 52,253,482,203,412,  1,  1,  1,  1,  1]
[  1,  1,  1,  1,  1,134,450,401,366,315,254, 91, 38,466, 37,465,207,154,104,153,103, 50,367,316,280,218,169,  1,  1,  1,  1,  1]
[  1,  1,  1,  1,  1,341,245,124,159, 30, 54,296,323,187,322,186,  3,361,381,360,380,250,160, 31, 75,424,448,  1,  1,  1,  1,  1]
[  1,  1,  1,  1,  1, 64,377,471,437,234,179,163,115,396,444, 61,284, 82, 25,225,173,455,293,386,353,148, 98,  1,  1,  1,  1,  1]
[  1,  1,  1,  1,  1,265,170,192,232,439,458,370,392,119,239,262, 78,286,310,430,453,176, 87,109,146,355,375,  1,  1,  1,  1,  1]
[  1,  1,  1,  1,  1,469,122,248, 28,457,110,237,372,326,183,325,357,307,435,306,434,383, 29,161,422,373, 18,  1,  1,  1,  1,  1]
[  1,  1,  1,  1,  1,190,399,452,313,177,387,442,166, 41,462, 40,150, 22,230, 21,229,106,314,369,216, 95,303,  1,  1,  1,  1,  1]
[  1,  1,  1,  1,  1,398, 44,331,107,385, 32,319,445,242,114,395,428,226,364,378, 24,312,438,235, 14,300,426,  1,  1,  1,  1,  1]
[  1,  1,  1,  1,  1,121,328, 47,384,108,317, 34,240,447,391,118,223,431,157,101,309, 27,233,440,297, 16,221,  1,  1,  1,  1,  1]
[  1,  1,  1,  1,  1,205,151,102,441,389,337,278,217,168,336,277,403,349,289,451,402,348,288,231, 92, 39,468,  1,  1,  1,  1,  1]
[  1,  1,  1,  1,  1,413,429,308,236,112,131,481, 15,374,130,480,195, 68, 84,171,194, 67, 83,436,371,241,264,  1,  1,  1,  1,  1]
[  1,  1,  1,  1,  1,137, 79,172, 33,320,260,352,299, 97,258,351,474,273,212, 45,473,272,210,311,164,446,397,  1,  1,  1,  1,  1]
[  1,  1,  1,  1,  1,345,358,379,318, 35, 59, 73, 94,302, 57, 72,270,476,  8,246,269,475,  6, 26,443,167,189,  1,  1,  1,  1,  1]
[  1,  1,  1,  1,  1, 65,305,432,111, 56,184,421, 76, 17,479,132, 66,  4,141,123,249,196,433, 85,238,185,327,  1,  1,  1,  1,  1]
[  1,  1,  1,  1,  1,268,100,155,388,257,464,145,354,220,276,339,346,209,417,329, 48,404,228,290, 36,394,120,  1,  1,  1,  1,  1]
[  1,  1,  1,  1,  1,472,224, 23,180,460,116, 13,147,425,408,199,138,415, 69,191,332,126,363,158,321,117,243,  1,  1,  1,  1,  1]
[  1,  1,  1,  1,  1,193, 20,227,459,181,393,215,423,149,198,409,414,140,350,400,125,333,156,365,113,324, 42,  1,  1,  1,  1,  1]
[  1,  1,  1,  1,  1, 19,347,287,255,197,144,467,411,356,143, 90,105, 51,478,266,206,152,477,418,390,338,279,  1,  1,  1,  1,  1]
[  1,  1,  1,  1,  1,222,139,  5, 55,407,420,188,202, 77,419,295,382,251,275,470,  2,359,274,142,182, 60, 74,  1,  1,  1,  1,  1]
[  1,  1,  1,  1,  1,427,271,362,334,129, 71, 63,483,282, 70,162,175,456,406,343,283, 80,405,  9,461,261,200,  1,  1,  1,  1,  1]
[  1,  1,  1,  1,  1,  1,  1,  1,  1,  1,  1,  1,  1,  1,  1,  1,  1,  1,  1,  1,  1,  1,  1,  1,  1,  1,  1,  1,  1,  1,  1,  1]
[  1,  1,  1,  1,  1,  1,  1,  1,  1,  1,  1,  1,  1,  1,  1,  1,  1,  1,  1,  1,  1,  1,  1,  1,  1,  1,  1,  1,  1,  1,  1,  1]
[  1,  1,  1,  1,  1,  1,  1,  1,  1,  1,  1,  1,  1,  1,  1,  1,  1,  1,  1,  1,  1,  1,  1,  1,  1,  1,  1,  1,  1,  1,  1,  1]
[  1,  1,  1,  1,  1,  1,  1,  1,  1,  1,  1,  1,  1,  1,  1,  1,  1,  1,  1,  1,  1,  1,  1,  1,  1,  1,  1,  1,  1,  1,  1,  1]
[  1,  1,  1,  1,  1,  1,  1,  1,  1,  1,  1,  1,  1,  1,  1,  1,  1,  1,  1,  1,  1,  1,  1,  1,  1,  1,  1,  1,  1,  1,  1,  1]
