[d, p, q] = [31, 6, 25]
324,0,648,48,4
Degree Spatial distribution
[2, 2, 2, 2, 2, 2, 3, 2, 2, 2, 2, 2, 2, 2, 2, 2, 2, 2, 2, 2, 2, 2, 2, 2, 2, 3, 2, 2, 2, 2, 2, 2]
[2, 2, 2, 2, 2, 2, 3, 2, 2, 2, 2, 2, 2, 2, 2, 2, 2, 2, 2, 2, 2, 2, 2, 2, 2, 3, 2, 2, 2, 2, 2, 2]
[2, 2, 2, 2, 2, 2, 3, 2, 2, 2, 2, 2, 2, 2, 2, 2, 2, 2, 2, 2, 2, 2, 2, 2, 2, 3, 2, 2, 2, 2, 2, 2]
[2, 2, 2, 2, 2, 2, 3, 2, 2, 2, 2, 2, 2, 2, 2, 2, 2, 2, 2, 2, 2, 2, 2, 2, 2, 3, 2, 2, 2, 2, 2, 2]
[2, 2, 2, 2, 2, 2, 3, 2, 2, 2, 2, 2, 2, 2, 2, 2, 2, 2, 2, 2, 2, 2, 2, 2, 2, 3, 2, 2, 2, 2, 2, 2]
[2, 2, 2, 2, 2, 2, 3, 2, 2, 2, 2, 2, 2, 2, 2, 2, 2, 2, 2, 2, 2, 2, 2, 2, 2, 3, 2, 2, 2, 2, 2, 2]
[3, 3, 3, 3, 3, 3, 4, 2, 2, 2, 2, 2, 2, 2, 2, 2, 2, 2, 2, 2, 2, 2, 2, 2, 2, 4, 3, 3, 3, 3, 3, 3]
[2, 2, 2, 2, 2, 2, 2, 0, 0, 0, 0, 0, 0, 0, 0, 0, 0, 0, 0, 0, 0, 0, 0, 0, 0, 2, 2, 2, 2, 2, 2, 2]
[2, 2, 2, 2, 2, 2, 2, 0, 0, 0, 0, 0, 0, 0, 0, 0, 0, 0, 0, 0, 0, 0, 0, 0, 0, 2, 2, 2, 2, 2, 2, 2]
[2, 2, 2, 2, 2, 2, 2, 0, 0, 0, 0, 0, 0, 0, 0, 0, 0, 0, 0, 0, 0, 0, 0, 0, 0, 2, 2, 2, 2, 2, 2, 2]
[2, 2, 2, 2, 2, 2, 2, 0, 0, 0, 0, 0, 0, 0, 0, 0, 0, 0, 0, 0, 0, 0, 0, 0, 0, 2, 2, 2, 2, 2, 2, 2]
[2, 2, 2, 2, 2, 2, 2, 0, 0, 0, 0, 0, 0, 0, 0, 0, 0, 0, 0, 0, 0, 0, 0, 0, 0, 2, 2, 2, 2, 2, 2, 2]
[2, 2, 2, 2, 2, 2, 2, 0, 0, 0, 0, 0, 0, 0, 0, 0, 0, 0, 0, 0, 0, 0, 0, 0, 0, 2, 2, 2, 2, 2, 2, 2]
[2, 2, 2, 2, 2, 2, 2, 0, 0, 0, 0, 0, 0, 0, 0, 0, 0, 0, 0, 0, 0, 0, 0, 0, 0, 2, 2, 2, 2, 2, 2, 2]
[2, 2, 2, 2, 2, 2, 2, 0, 0, 0, 0, 0, 0, 0, 0, 0, 0, 0, 0, 0, 0, 0, 0, 0, 0, 2, 2, 2, 2, 2, 2, 2]
[2, 2, 2, 2, 2, 2, 2, 0, 0, 0, 0, 0, 0, 0, 0, 0, 0, 0, 0, 0, 0, 0, 0, 0, 0, 2, 2, 2, 2, 2, 2, 2]
[2, 2, 2, 2, 2, 2, 2, 0, 0, 0, 0, 0, 0, 0, 0, 0, 0, 0, 0, 0, 0, 0, 0, 0, 0, 2, 2, 2, 2, 2, 2, 2]
[2, 2, 2, 2, 2, 2, 2, 0, 0, 0, 0, 0, 0, 0, 0, 0, 0, 0, 0, 0, 0, 0, 0, 0, 0, 2, 2, 2, 2, 2, 2, 2]
[2, 2, 2, 2, 2, 2, 2, 0, 0, 0, 0, 0, 0, 0, 0, 0, 0, 0, 0, 0, 0, 0, 0, 0, 0, 2, 2, 2, 2, 2, 2, 2]
[2, 2, 2, 2, 2, 2, 2, 0, 0, 0, 0, 0, 0, 0, 0, 0, 0, 0, 0, 0, 0, 0, 0, 0, 0, 2, 2, 2, 2, 2, 2, 2]
[2, 2, 2, 2, 2, 2, 2, 0, 0, 0, 0, 0, 0, 0, 0, 0, 0, 0, 0, 0, 0, 0, 0, 0, 0, 2, 2, 2, 2, 2, 2, 2]
[2, 2, 2, 2, 2, 2, 2, 0, 0, 0, 0, 0, 0, 0, 0, 0, 0, 0, 0, 0, 0, 0, 0, 0, 0, 2, 2, 2, 2, 2, 2, 2]
[2, 2, 2, 2, 2, 2, 2, 0, 0, 0, 0, 0, 0, 0, 0, 0, 0, 0, 0, 0, 0, 0, 0, 0, 0, 2, 2, 2, 2, 2, 2, 2]
[2, 2, 2, 2, 2, 2, 2, 0, 0, 0, 0, 0, 0, 0, 0, 0, 0, 0, 0, 0, 0, 0, 0, 0, 0, 2, 2, 2, 2, 2, 2, 2]
[2, 2, 2, 2, 2, 2, 2, 0, 0, 0, 0, 0, 0, 0, 0, 0, 0, 0, 0, 0, 0, 0, 0, 0, 0, 2, 2, 2, 2, 2, 2, 2]
[3, 3, 3, 3, 3, 3, 4, 2, 2, 2, 2, 2, 2, 2, 2, 2, 2, 2, 2, 2, 2, 2, 2, 2, 2, 4, 3, 3, 3, 3, 3, 3]
[2, 2, 2, 2, 2, 2, 3, 2, 2, 2, 2, 2, 2, 2, 2, 2, 2, 2, 2, 2, 2, 2, 2, 2, 2, 3, 2, 2, 2, 2, 2, 2]
[2, 2, 2, 2, 2, 2, 3, 2, 2, 2, 2, 2, 2, 2, 2, 2, 2, 2, 2, 2, 2, 2, 2, 2, 2, 3, 2, 2, 2, 2, 2, 2]
[2, 2, 2, 2, 2, 2, 3, 2, 2, 2, 2, 2, 2, 2, 2, 2, 2, 2, 2, 2, 2, 2, 2, 2, 2, 3, 2, 2, 2, 2, 2, 2]
[2, 2, 2, 2, 2, 2, 3, 2, 2, 2, 2, 2, 2, 2, 2, 2, 2, 2, 2, 2, 2, 2, 2, 2, 2, 3, 2, 2, 2, 2, 2, 2]
[2, 2, 2, 2, 2, 2, 3, 2, 2, 2, 2, 2, 2, 2, 2, 2, 2, 2, 2, 2, 2, 2, 2, 2, 2, 3, 2, 2, 2, 2, 2, 2]
[2, 2, 2, 2, 2, 2, 3, 2, 2, 2, 2, 2, 2, 2, 2, 2, 2, 2, 2, 2, 2, 2, 2, 2, 2, 3, 2, 2, 2, 2, 2, 2]
Edges: 728
Moves: 1456
Max Clique Size: 2
Number of Max Cliques: 1052
Number of Connected Components: 341
Connected Components Spatial Distribution
[  1,  1,  1,  1,  1,  1,  1,  1,  1,  1,  1,  1,  1,  1,  1,  1,  1,  1,  1,  1,  1,  1,  1,  1,  1,  1,  1,  1,  1,  1,  1,  1]
[  1,  1,  1,  1,  1,  1,  1,  1, 58, 16, 79, 92,  1,  1,  1,  1,  1,  1,  1,  1, 58, 16, 79, 92,  1,  1,  1,  1,  1,  1,  1,  1]
[  1,  1, 58, 16, 79, 92,  1,  1, 14,  3, 78, 81,  1,  1, 58, 16, 79, 92,  1,  1, 14,  3, 78, 81,  1,  1, 58, 16, 79, 92,  1,  1]
[  1,  1, 14,  3, 78, 81,  1,  1, 63, 12, 53, 38,  1,  1, 14,  3, 78, 81,  1,  1, 63, 12, 53, 38,  1,  1, 14,  3, 78, 81,  1,  1]
[  1,  1, 63, 12, 53, 38,  1,  1, 71, 39, 17, 15,  1,  1, 63, 12, 53, 38,  1,  1, 71, 39, 17, 15,  1,  1, 63, 12, 53, 38,  1,  1]
[  1,  1, 71, 39, 17, 15,  1,  1,  1,  1,  1,  1,  1,  1, 71, 39, 17, 15,  1,  1,  1,  1,  1,  1,  1,  1, 71, 39, 17, 15,  1,  1]
[  1,  1,  1,  1,  1,  1,  1,  1,  1,  1,  1,  1,  1,  1,  1,  1,  1,  1,  1,  1,  1,  1,  1,  1,  1,  1,  1,  1,  1,  1,  1,  1]
[  1,  1,  1,  1,  1,  1,  1,243, 69,209,  8,239, 50,191, 75,213, 40,180,320,202,  6,156, 46,184,341,  1,  1,  1,  1,  1,  1,  1]
[  1, 58, 16, 79, 92,  1,  1,284,259,224,185, 73, 35,329, 34,328,152,119, 84,118, 83, 44,260,225,200,  1,  1, 58, 16, 79, 92,  1]
[  1, 14,  3, 78, 81,  1,  1,101,124, 27, 47,210,232,142,231,141,  2,255,269,254,268,183,125, 28, 61,  1,  1, 14,  3, 78, 81,  1]
[  1, 63, 12, 53, 38,  1,  1,331,307,171,136,127, 96,282,314, 52,201, 65, 22,162,133,321,208,273,250,  1,  1, 63, 12, 53, 38,  1]
[  1, 71, 39, 17, 15,  1,  1,144,169,309,323,262,279, 99,176,190, 64,203,219,300,319,134, 70, 89,113,  1,  1, 71, 39, 17, 15,  1]
[  1,  1,  1,  1,  1,  1,  1,181, 25,322, 90,174,264,234,139,233,253,216,305,215,304,270, 26,126,296,  1,  1,  1,  1,  1,  1,  1]
[  1,  1,  1,  1,  1,  1,  1,318,222,135,274,312,129, 37,326, 36,116, 19,167, 18,166, 86,223,261,158,  1,  1,  1,  1,  1,  1,  1]
[  1,  1, 58, 16, 79, 92,  1,236, 87,272, 29,228,315,178, 95,281,299,163,257,266, 21,221,308,172, 10,  1, 58, 16, 79, 92,  1,  1]
[  1,  1, 14,  3, 78, 81,  1, 42,271, 88,226, 31,177,316,278, 98,161,301,122, 80,218, 24,170,310,211,  1, 14,  3, 78, 81,  1,  1]
[  1,  1, 63, 12, 53, 38,  1, 82,311,276,241,199,159,130,240,198,286,246,206,317,285,245,205,168, 74,  1, 63, 12, 53, 38,  1,  1]
[  1,  1, 71, 39, 17, 15,  1,217,173, 93,105,340, 11,265,104,339,146, 56, 67,131,145, 55, 66,306,263,  1, 71, 39, 17, 15,  1,  1]
[  1,  1,  1,  1,  1,  1,  1,132, 30,229,189,249,212, 77,188,248,333,196,155, 41,332,195,154,220,128,  1,  1,  1,  1,  1,  1,  1]
[  1,  1,  1,  1,  1,  1,  1,267,227, 32, 51, 60, 76,214, 49, 59,194,335,  7,179,193,334,  5, 23,313,  1,  1,  1,  1,  1,  1,  1]
[  1, 58, 16, 79, 92,  1,  1,302, 91, 48,140,295, 62, 13,338,106, 54,  4,109,100,182,147,303, 68,175,  1,  1, 58, 16, 79, 92,  1]
[  1, 14,  3, 78, 81,  1,  1,120,275,187,327,112,251,160,197,242,244,153,293,235, 43,287,165,207, 33,  1,  1, 14,  3, 78, 81,  1]
[  1, 63, 12, 53, 38,  1,  1, 20,137,325, 97,  9,114,298,288,150,107,292, 57,143,237,103,256,123,230,  1,  1, 63, 12, 53, 38,  1]
[  1, 71, 39, 17, 15,  1,  1,164,324,138,280,157,297,115,149,289,291,108,247,283,102,238,121,258, 94,  1,  1, 71, 39, 17, 15,  1]
[  1,  1,  1,  1,  1,  1,  1,204,186,148,111,330,290,252,110, 72, 85, 45,337,192,151,117,336,294,277,  1,  1,  1,  1,  1,  1,  1]
[  1,  1,  1,  1,  1,  1,  1,  1,  1,  1,  1,  1,  1,  1,  1,  1,  1,  1,  1,  1,  1,  1,  1,  1,  1,  1,  1,  1,  1,  1,  1,  1]
[  1,  1, 58, 16, 79, 92,  1,  1,  1,  1,  1,  1,  1,  1, 58, 16, 79, 92,  1,  1,  1,  1,  1,  1,  1,  1, 58, 16, 79, 92,  1,  1]
[  1,  1, 14,  3, 78, 81,  1,  1, 58, 16, 79, 92,  1,  1, 14,  3, 78, 81,  1,  1, 58, 16, 79, 92,  1,  1, 14,  3, 78, 81,  1,  1]
[  1,  1, 63, 12, 53, 38,  1,  1, 14,  3, 78, 81,  1,  1, 63, 12, 53, 38,  1,  1, 14,  3, 78, 81,  1,  1, 63, 12, 53, 38,  1,  1]
[  1,  1, 71, 39, 17, 15,  1,  1, 63, 12, 53, 38,  1,  1, 71, 39, 17, 15,  1,  1, 63, 12, 53, 38,  1,  1, 71, 39, 17, 15,  1,  1]
[  1,  1,  1,  1,  1,  1,  1,  1, 71, 39, 17, 15,  1,  1,  1,  1,  1,  1,  1,  1, 71, 39, 17, 15,  1,  1,  1,  1,  1,  1,  1,  1]
[  1,  1,  1,  1,  1,  1,  1,  1,  1,  1,  1,  1,  1,  1,  1,  1,  1,  1,  1,  1,  1,  1,  1,  1,  1,  1,  1,  1,  1,  1,  1,  1]
