[d, p, q] = [31, 7, 24]
256,0,708,56,4
Degree Spatial distribution
[2, 2, 2, 2, 2, 2, 2, 3, 2, 2, 2, 2, 2, 2, 2, 2, 2, 2, 2, 2, 2, 2, 2, 2, 3, 2, 2, 2, 2, 2, 2, 2]
[2, 2, 2, 2, 2, 2, 2, 3, 2, 2, 2, 2, 2, 2, 2, 2, 2, 2, 2, 2, 2, 2, 2, 2, 3, 2, 2, 2, 2, 2, 2, 2]
[2, 2, 2, 2, 2, 2, 2, 3, 2, 2, 2, 2, 2, 2, 2, 2, 2, 2, 2, 2, 2, 2, 2, 2, 3, 2, 2, 2, 2, 2, 2, 2]
[2, 2, 2, 2, 2, 2, 2, 3, 2, 2, 2, 2, 2, 2, 2, 2, 2, 2, 2, 2, 2, 2, 2, 2, 3, 2, 2, 2, 2, 2, 2, 2]
[2, 2, 2, 2, 2, 2, 2, 3, 2, 2, 2, 2, 2, 2, 2, 2, 2, 2, 2, 2, 2, 2, 2, 2, 3, 2, 2, 2, 2, 2, 2, 2]
[2, 2, 2, 2, 2, 2, 2, 3, 2, 2, 2, 2, 2, 2, 2, 2, 2, 2, 2, 2, 2, 2, 2, 2, 3, 2, 2, 2, 2, 2, 2, 2]
[2, 2, 2, 2, 2, 2, 2, 3, 2, 2, 2, 2, 2, 2, 2, 2, 2, 2, 2, 2, 2, 2, 2, 2, 3, 2, 2, 2, 2, 2, 2, 2]
[3, 3, 3, 3, 3, 3, 3, 4, 2, 2, 2, 2, 2, 2, 2, 2, 2, 2, 2, 2, 2, 2, 2, 2, 4, 3, 3, 3, 3, 3, 3, 3]
[2, 2, 2, 2, 2, 2, 2, 2, 0, 0, 0, 0, 0, 0, 0, 0, 0, 0, 0, 0, 0, 0, 0, 0, 2, 2, 2, 2, 2, 2, 2, 2]
[2, 2, 2, 2, 2, 2, 2, 2, 0, 0, 0, 0, 0, 0, 0, 0, 0, 0, 0, 0, 0, 0, 0, 0, 2, 2, 2, 2, 2, 2, 2, 2]
[2, 2, 2, 2, 2, 2, 2, 2, 0, 0, 0, 0, 0, 0, 0, 0, 0, 0, 0, 0, 0, 0, 0, 0, 2, 2, 2, 2, 2, 2, 2, 2]
[2, 2, 2, 2, 2, 2, 2, 2, 0, 0, 0, 0, 0, 0, 0, 0, 0, 0, 0, 0, 0, 0, 0, 0, 2, 2, 2, 2, 2, 2, 2, 2]
[2, 2, 2, 2, 2, 2, 2, 2, 0, 0, 0, 0, 0, 0, 0, 0, 0, 0, 0, 0, 0, 0, 0, 0, 2, 2, 2, 2, 2, 2, 2, 2]
[2, 2, 2, 2, 2, 2, 2, 2, 0, 0, 0, 0, 0, 0, 0, 0, 0, 0, 0, 0, 0, 0, 0, 0, 2, 2, 2, 2, 2, 2, 2, 2]
[2, 2, 2, 2, 2, 2, 2, 2, 0, 0, 0, 0, 0, 0, 0, 0, 0, 0, 0, 0, 0, 0, 0, 0, 2, 2, 2, 2, 2, 2, 2, 2]
[2, 2, 2, 2, 2, 2, 2, 2, 0, 0, 0, 0, 0, 0, 0, 0, 0, 0, 0, 0, 0, 0, 0, 0, 2, 2, 2, 2, 2, 2, 2, 2]
[2, 2, 2, 2, 2, 2, 2, 2, 0, 0, 0, 0, 0, 0, 0, 0, 0, 0, 0, 0, 0, 0, 0, 0, 2, 2, 2, 2, 2, 2, 2, 2]
[2, 2, 2, 2, 2, 2, 2, 2, 0, 0, 0, 0, 0, 0, 0, 0, 0, 0, 0, 0, 0, 0, 0, 0, 2, 2, 2, 2, 2, 2, 2, 2]
[2, 2, 2, 2, 2, 2, 2, 2, 0, 0, 0, 0, 0, 0, 0, 0, 0, 0, 0, 0, 0, 0, 0, 0, 2, 2, 2, 2, 2, 2, 2, 2]
[2, 2, 2, 2, 2, 2, 2, 2, 0, 0, 0, 0, 0, 0, 0, 0, 0, 0, 0, 0, 0, 0, 0, 0, 2, 2, 2, 2, 2, 2, 2, 2]
[2, 2, 2, 2, 2, 2, 2, 2, 0, 0, 0, 0, 0, 0, 0, 0, 0, 0, 0, 0, 0, 0, 0, 0, 2, 2, 2, 2, 2, 2, 2, 2]
[2, 2, 2, 2, 2, 2, 2, 2, 0, 0, 0, 0, 0, 0, 0, 0, 0, 0, 0, 0, 0, 0, 0, 0, 2, 2, 2, 2, 2, 2, 2, 2]
[2, 2, 2, 2, 2, 2, 2, 2, 0, 0, 0, 0, 0, 0, 0, 0, 0, 0, 0, 0, 0, 0, 0, 0, 2, 2, 2, 2, 2, 2, 2, 2]
[2, 2, 2, 2, 2, 2, 2, 2, 0, 0, 0, 0, 0, 0, 0, 0, 0, 0, 0, 0, 0, 0, 0, 0, 2, 2, 2, 2, 2, 2, 2, 2]
[3, 3, 3, 3, 3, 3, 3, 4, 2, 2, 2, 2, 2, 2, 2, 2, 2, 2, 2, 2, 2, 2, 2, 2, 4, 3, 3, 3, 3, 3, 3, 3]
[2, 2, 2, 2, 2, 2, 2, 3, 2, 2, 2, 2, 2, 2, 2, 2, 2, 2, 2, 2, 2, 2, 2, 2, 3, 2, 2, 2, 2, 2, 2, 2]
[2, 2, 2, 2, 2, 2, 2, 3, 2, 2, 2, 2, 2, 2, 2, 2, 2, 2, 2, 2, 2, 2, 2, 2, 3, 2, 2, 2, 2, 2, 2, 2]
[2, 2, 2, 2, 2, 2, 2, 3, 2, 2, 2, 2, 2, 2, 2, 2, 2, 2, 2, 2, 2, 2, 2, 2, 3, 2, 2, 2, 2, 2, 2, 2]
[2, 2, 2, 2, 2, 2, 2, 3, 2, 2, 2, 2, 2, 2, 2, 2, 2, 2, 2, 2, 2, 2, 2, 2, 3, 2, 2, 2, 2, 2, 2, 2]
[2, 2, 2, 2, 2, 2, 2, 3, 2, 2, 2, 2, 2, 2, 2, 2, 2, 2, 2, 2, 2, 2, 2, 2, 3, 2, 2, 2, 2, 2, 2, 2]
[2, 2, 2, 2, 2, 2, 2, 3, 2, 2, 2, 2, 2, 2, 2, 2, 2, 2, 2, 2, 2, 2, 2, 2, 3, 2, 2, 2, 2, 2, 2, 2]
[2, 2, 2, 2, 2, 2, 2, 3, 2, 2, 2, 2, 2, 2, 2, 2, 2, 2, 2, 2, 2, 2, 2, 2, 3, 2, 2, 2, 2, 2, 2, 2]
Edges: 800
Moves: 1600
Max Clique Size: 2
Number of Max Cliques: 1056
Number of Connected Components: 265
Connected Components Spatial Distribution
[  1,  1,  1,  1,  1,  1,  1,  1,  1,  1,  1,  1,  1,  1,  1,  1,  1,  1,  1,  1,  1,  1,  1,  1,  1,  1,  1,  1,  1,  1,  1,  1]
[  1,  8, 35,  1, 12,  2,  1,  1,  1,  1,  1,  1, 12,  2,  1,  8, 35,  1, 12,  2,  1,  1,  1,  1,  1,  1, 12,  2,  1,  8, 35,  1]
[  1,  9,  7,  1, 42, 14,  1,  1, 12,  2,  1,  1, 42, 14,  1,  9,  7,  1, 42, 14,  1,  1, 12,  2,  1,  1, 42, 14,  1,  9,  7,  1]
[  1,  1,  1,  1,  1,  1,  1,  1, 42, 14,  1,  1,  1,  1,  1,  1,  1,  1,  1,  1,  1,  1, 42, 14,  1,  1,  1,  1,  1,  1,  1,  1]
[  1, 12,  2,  1,  1,  1,  1,  1,  1,  1,  1,  1,  1,  1,  1, 12,  2,  1,  1,  1,  1,  1,  1,  1,  1,  1,  1,  1,  1, 12,  2,  1]
[  1, 42, 14,  1,  1, 12,  2,  1,  8, 35,  1, 12,  2,  1,  1, 42, 14,  1,  1, 12,  2,  1,  8, 35,  1, 12,  2,  1,  1, 42, 14,  1]
[  1,  1,  1,  1,  1, 42, 14,  1,  9,  7,  1, 42, 14,  1,  1,  1,  1,  1,  1, 42, 14,  1,  9,  7,  1, 42, 14,  1,  1,  1,  1,  1]
[  1,  1,  1,  1,  1,  1,  1,  1,  1,  1,  1,  1,  1,  1,  1,  1,  1,  1,  1,  1,  1,  1,  1,  1,  1,  1,  1,  1,  1,  1,  1,  1]
[  1,  1, 12,  2,  1,  8, 35,  1,199,170,141, 56, 30,258, 29,257,115, 88, 61, 87, 60, 36,200,171,  1,  8, 35,  1, 12,  2,  1,  1]
[  1,  1, 42, 14,  1,  9,  7,  1, 92, 23, 37,159,177,108,176,107,  3,195,207,194,206,140, 93, 24,  1,  9,  7,  1, 42, 14,  1,  1]
[  1,  1,  1,  1,  1,  1,  1,  1,239,131,102, 95, 70,219,245, 41,153, 51, 18,123, 99,250,158,211,  1,  1,  1,  1,  1,  1,  1,  1]
[  1,  1,  1,  1,  1, 12,  2,  1,129,241,252,202,216, 73,135,145, 50,154,165,233,249,100, 55, 65,  1, 12,  2,  1,  1,  1,  1,  1]
[  1, 12,  2,  1,  1, 42, 14,  1, 21,251, 66,134,203,179,105,178,193,163,237,162,236,208, 22, 94,  1, 42, 14,  1,  1, 12,  2,  1]
[  1, 42, 14,  1,  1,  1,  1,  1,168,101,212,244, 96, 32,255, 31, 86, 16,127, 15,126, 62,169,201,  1,  1,  1,  1,  1, 42, 14,  1]
[  1,  1,  1,  1,  1,  1,  1,  1, 63,210, 25,174,246,137, 69,218,232,124,197,205, 17,167,240,132,  1,  1,  1,  1,  1,  1,  1,  1]
[  1,  8, 35,  1, 12,  2,  1,  1,209, 64,172, 27,136,247,215, 72,122,234, 90, 59,164, 20,130,242,  1,  1, 12,  2,  1,  8, 35,  1]
[  1,  9,  7,  1, 42, 14,  1,  1,243,214,184,152,120, 97,183,151,222,188,156,248,221,187,155,128,  1,  1, 42, 14,  1,  9,  7,  1]
[  1,  1,  1,  1,  1,  1,  1,  1,133, 68, 78,265, 11,204, 77,264,111, 45, 53, 98,110, 44, 52,238,  1,  1,  1,  1,  1,  1,  1,  1]
[  1, 12,  2,  1,  1,  1,  1,  1, 26,175,144,191,160, 58,143,190,260,149,118, 33,259,148,117,166,  1,  1,  1,  1,  1, 12,  2,  1]
[  1, 42, 14,  1,  1, 12,  2,  1,173, 28, 40, 48, 57,161, 39, 47,147,262,  6,138,146,261,  5, 19,  1, 12,  2,  1,  1, 42, 14,  1]
[  1,  1,  1,  1,  1, 42, 14,  1, 67, 38,106,229, 49, 13,263, 79, 43,  4, 82, 74,139,112,235, 54,  1, 42, 14,  1,  1,  1,  1,  1]
[  1,  1,  1,  1,  1,  1,  1,  1,213,142,256, 83,192,121,150,185,186,116,228,180, 34,223,125,157,  1,  1,  1,  1,  1,  1,  1,  1]
[  1,  1, 12,  2,  1,  8, 35,  1,103,254, 71, 10, 84,231,224,114, 80,227, 46,109,181, 76,196, 91,  1,  8, 35,  1, 12,  2,  1,  1]
[  1,  1, 42, 14,  1,  9,  7,  1,253,104,217,119,230, 85,113,225,226, 81,189,220, 75,182, 89,198,  1,  9,  7,  1, 42, 14,  1,  1]
[  1,  1,  1,  1,  1,  1,  1,  1,  1,  1,  1,  1,  1,  1,  1,  1,  1,  1,  1,  1,  1,  1,  1,  1,  1,  1,  1,  1,  1,  1,  1,  1]
[  1,  1,  1,  1,  1, 12,  2,  1,  8, 35,  1, 12,  2,  1,  1,  1,  1,  1,  1, 12,  2,  1,  8, 35,  1, 12,  2,  1,  1,  1,  1,  1]
[  1, 12,  2,  1,  1, 42, 14,  1,  9,  7,  1, 42, 14,  1,  1, 12,  2,  1,  1, 42, 14,  1,  9,  7,  1, 42, 14,  1,  1, 12,  2,  1]
[  1, 42, 14,  1,  1,  1,  1,  1,  1,  1,  1,  1,  1,  1,  1, 42, 14,  1,  1,  1,  1,  1,  1,  1,  1,  1,  1,  1,  1, 42, 14,  1]
[  1,  1,  1,  1,  1,  1,  1,  1, 12,  2,  1,  1,  1,  1,  1,  1,  1,  1,  1,  1,  1,  1, 12,  2,  1,  1,  1,  1,  1,  1,  1,  1]
[  1,  8, 35,  1, 12,  2,  1,  1, 42, 14,  1,  1, 12,  2,  1,  8, 35,  1, 12,  2,  1,  1, 42, 14,  1,  1, 12,  2,  1,  8, 35,  1]
[  1,  9,  7,  1, 42, 14,  1,  1,  1,  1,  1,  1, 42, 14,  1,  9,  7,  1, 42, 14,  1,  1,  1,  1,  1,  1, 42, 14,  1,  9,  7,  1]
[  1,  1,  1,  1,  1,  1,  1,  1,  1,  1,  1,  1,  1,  1,  1,  1,  1,  1,  1,  1,  1,  1,  1,  1,  1,  1,  1,  1,  1,  1,  1,  1]
