[d, p, q] = [31, 9, 22]
144,0,804,72,4
Degree Spatial distribution
[2, 2, 2, 2, 2, 2, 2, 2, 2, 3, 2, 2, 2, 2, 2, 2, 2, 2, 2, 2, 2, 2, 3, 2, 2, 2, 2, 2, 2, 2, 2, 2]
[2, 2, 2, 2, 2, 2, 2, 2, 2, 3, 2, 2, 2, 2, 2, 2, 2, 2, 2, 2, 2, 2, 3, 2, 2, 2, 2, 2, 2, 2, 2, 2]
[2, 2, 2, 2, 2, 2, 2, 2, 2, 3, 2, 2, 2, 2, 2, 2, 2, 2, 2, 2, 2, 2, 3, 2, 2, 2, 2, 2, 2, 2, 2, 2]
[2, 2, 2, 2, 2, 2, 2, 2, 2, 3, 2, 2, 2, 2, 2, 2, 2, 2, 2, 2, 2, 2, 3, 2, 2, 2, 2, 2, 2, 2, 2, 2]
[2, 2, 2, 2, 2, 2, 2, 2, 2, 3, 2, 2, 2, 2, 2, 2, 2, 2, 2, 2, 2, 2, 3, 2, 2, 2, 2, 2, 2, 2, 2, 2]
[2, 2, 2, 2, 2, 2, 2, 2, 2, 3, 2, 2, 2, 2, 2, 2, 2, 2, 2, 2, 2, 2, 3, 2, 2, 2, 2, 2, 2, 2, 2, 2]
[2, 2, 2, 2, 2, 2, 2, 2, 2, 3, 2, 2, 2, 2, 2, 2, 2, 2, 2, 2, 2, 2, 3, 2, 2, 2, 2, 2, 2, 2, 2, 2]
[2, 2, 2, 2, 2, 2, 2, 2, 2, 3, 2, 2, 2, 2, 2, 2, 2, 2, 2, 2, 2, 2, 3, 2, 2, 2, 2, 2, 2, 2, 2, 2]
[2, 2, 2, 2, 2, 2, 2, 2, 2, 3, 2, 2, 2, 2, 2, 2, 2, 2, 2, 2, 2, 2, 3, 2, 2, 2, 2, 2, 2, 2, 2, 2]
[3, 3, 3, 3, 3, 3, 3, 3, 3, 4, 2, 2, 2, 2, 2, 2, 2, 2, 2, 2, 2, 2, 4, 3, 3, 3, 3, 3, 3, 3, 3, 3]
[2, 2, 2, 2, 2, 2, 2, 2, 2, 2, 0, 0, 0, 0, 0, 0, 0, 0, 0, 0, 0, 0, 2, 2, 2, 2, 2, 2, 2, 2, 2, 2]
[2, 2, 2, 2, 2, 2, 2, 2, 2, 2, 0, 0, 0, 0, 0, 0, 0, 0, 0, 0, 0, 0, 2, 2, 2, 2, 2, 2, 2, 2, 2, 2]
[2, 2, 2, 2, 2, 2, 2, 2, 2, 2, 0, 0, 0, 0, 0, 0, 0, 0, 0, 0, 0, 0, 2, 2, 2, 2, 2, 2, 2, 2, 2, 2]
[2, 2, 2, 2, 2, 2, 2, 2, 2, 2, 0, 0, 0, 0, 0, 0, 0, 0, 0, 0, 0, 0, 2, 2, 2, 2, 2, 2, 2, 2, 2, 2]
[2, 2, 2, 2, 2, 2, 2, 2, 2, 2, 0, 0, 0, 0, 0, 0, 0, 0, 0, 0, 0, 0, 2, 2, 2, 2, 2, 2, 2, 2, 2, 2]
[2, 2, 2, 2, 2, 2, 2, 2, 2, 2, 0, 0, 0, 0, 0, 0, 0, 0, 0, 0, 0, 0, 2, 2, 2, 2, 2, 2, 2, 2, 2, 2]
[2, 2, 2, 2, 2, 2, 2, 2, 2, 2, 0, 0, 0, 0, 0, 0, 0, 0, 0, 0, 0, 0, 2, 2, 2, 2, 2, 2, 2, 2, 2, 2]
[2, 2, 2, 2, 2, 2, 2, 2, 2, 2, 0, 0, 0, 0, 0, 0, 0, 0, 0, 0, 0, 0, 2, 2, 2, 2, 2, 2, 2, 2, 2, 2]
[2, 2, 2, 2, 2, 2, 2, 2, 2, 2, 0, 0, 0, 0, 0, 0, 0, 0, 0, 0, 0, 0, 2, 2, 2, 2, 2, 2, 2, 2, 2, 2]
[2, 2, 2, 2, 2, 2, 2, 2, 2, 2, 0, 0, 0, 0, 0, 0, 0, 0, 0, 0, 0, 0, 2, 2, 2, 2, 2, 2, 2, 2, 2, 2]
[2, 2, 2, 2, 2, 2, 2, 2, 2, 2, 0, 0, 0, 0, 0, 0, 0, 0, 0, 0, 0, 0, 2, 2, 2, 2, 2, 2, 2, 2, 2, 2]
[2, 2, 2, 2, 2, 2, 2, 2, 2, 2, 0, 0, 0, 0, 0, 0, 0, 0, 0, 0, 0, 0, 2, 2, 2, 2, 2, 2, 2, 2, 2, 2]
[3, 3, 3, 3, 3, 3, 3, 3, 3, 4, 2, 2, 2, 2, 2, 2, 2, 2, 2, 2, 2, 2, 4, 3, 3, 3, 3, 3, 3, 3, 3, 3]
[2, 2, 2, 2, 2, 2, 2, 2, 2, 3, 2, 2, 2, 2, 2, 2, 2, 2, 2, 2, 2, 2, 3, 2, 2, 2, 2, 2, 2, 2, 2, 2]
[2, 2, 2, 2, 2, 2, 2, 2, 2, 3, 2, 2, 2, 2, 2, 2, 2, 2, 2, 2, 2, 2, 3, 2, 2, 2, 2, 2, 2, 2, 2, 2]
[2, 2, 2, 2, 2, 2, 2, 2, 2, 3, 2, 2, 2, 2, 2, 2, 2, 2, 2, 2, 2, 2, 3, 2, 2, 2, 2, 2, 2, 2, 2, 2]
[2, 2, 2, 2, 2, 2, 2, 2, 2, 3, 2, 2, 2, 2, 2, 2, 2, 2, 2, 2, 2, 2, 3, 2, 2, 2, 2, 2, 2, 2, 2, 2]
[2, 2, 2, 2, 2, 2, 2, 2, 2, 3, 2, 2, 2, 2, 2, 2, 2, 2, 2, 2, 2, 2, 3, 2, 2, 2, 2, 2, 2, 2, 2, 2]
[2, 2, 2, 2, 2, 2, 2, 2, 2, 3, 2, 2, 2, 2, 2, 2, 2, 2, 2, 2, 2, 2, 3, 2, 2, 2, 2, 2, 2, 2, 2, 2]
[2, 2, 2, 2, 2, 2, 2, 2, 2, 3, 2, 2, 2, 2, 2, 2, 2, 2, 2, 2, 2, 2, 3, 2, 2, 2, 2, 2, 2, 2, 2, 2]
[2, 2, 2, 2, 2, 2, 2, 2, 2, 3, 2, 2, 2, 2, 2, 2, 2, 2, 2, 2, 2, 2, 3, 2, 2, 2, 2, 2, 2, 2, 2, 2]
[2, 2, 2, 2, 2, 2, 2, 2, 2, 3, 2, 2, 2, 2, 2, 2, 2, 2, 2, 2, 2, 2, 3, 2, 2, 2, 2, 2, 2, 2, 2, 2]
Edges: 920
Moves: 1840
Max Clique Size: 2
Number of Max Cliques: 1064
Number of Connected Components: 165
Connected Components Spatial Distribution
[  1,  1,  1,  1,  1,  1,  1,  1,  1,  1,  1,  1,  1,  1,  1,  1,  1,  1,  1,  1,  1,  1,  1,  1,  1,  1,  1,  1,  1,  1,  1,  1]
[  1,  1,  1,  1,  1,  1, 14,  3,  1,  1,  1,  1,  1,  1, 10, 16, 63,  8,  1,  1,  1,  1,  1,  1, 14,  3,  1,  1,  1,  1,  1,  1]
[  1,  1, 14,  3,  1,  1, 32,  2,  1,  1, 14,  3,  1,  1, 15, 62, 46, 59,  1,  1, 14,  3,  1,  1, 32,  2,  1,  1, 14,  3,  1,  1]
[  1,  1, 32,  2,  1,  1,  1,  1,  1,  1, 32,  2,  1,  1, 43, 54,  5, 17,  1,  1, 32,  2,  1,  1,  1,  1,  1,  1, 32,  2,  1,  1]
[  1,  1,  1,  1,  1,  1,  1,  1,  1,  1,  1,  1,  1,  1,  7,  9, 13, 33,  1,  1,  1,  1,  1,  1,  1,  1,  1,  1,  1,  1,  1,  1]
[  1,  1,  1,  1,  1, 10, 16, 63,  8,  1,  1,  1,  1,  1,  1,  1,  1,  1,  1,  1,  1,  1,  1, 10, 16, 63,  8,  1,  1,  1,  1,  1]
[  1, 14,  3,  1,  1, 15, 62, 46, 59,  1,  1, 14,  3,  1,  1,  1,  1,  1,  1, 14,  3,  1,  1, 15, 62, 46, 59,  1,  1, 14,  3,  1]
[  1, 32,  2,  1,  1, 43, 54,  5, 17,  1,  1, 32,  2,  1,  1, 14,  3,  1,  1, 32,  2,  1,  1, 43, 54,  5, 17,  1,  1, 32,  2,  1]
[  1,  1,  1,  1,  1,  7,  9, 13, 33,  1,  1,  1,  1,  1,  1, 32,  2,  1,  1,  1,  1,  1,  1,  7,  9, 13, 33,  1,  1,  1,  1,  1]
[  1,  1,  1,  1,  1,  1,  1,  1,  1,  1,  1,  1,  1,  1,  1,  1,  1,  1,  1,  1,  1,  1,  1,  1,  1,  1,  1,  1,  1,  1,  1,  1]
[  1,  1, 14,  3,  1,  1,  1,  1,  1,  1, 72, 66, 51,138,150, 31,103, 41, 21, 83, 70,155,  1,  1,  1,  1,  1,  1, 14,  3,  1,  1]
[  1,  1, 32,  2,  1,  1, 14,  3,  1,  1,156,129,136, 53, 88, 95, 40,104,111,145,154, 71,  1,  1, 14,  3,  1,  1, 32,  2,  1,  1]
[  1,  1,  1,  1,  1,  1, 32,  2,  1,  1, 49, 87,130,116, 73,115,127,109,148,108,147,133,  1,  1, 32,  2,  1,  1,  1,  1,  1,  1]
[  1,  1,  1,  1,  1,  1,  1,  1,  1,  1,134,149, 67, 26,157, 25, 64, 19, 86, 18, 85, 48,  1,  1,  1,  1,  1,  1,  1,  1,  1,  1]
[  1, 10, 16, 63,  8,  1,  1,  1,  1,  1, 23,114,151, 90, 50,137,144, 84,128,132, 20,112,  1,  1,  1,  1,  1, 10, 16, 63,  8,  1]
[  1, 15, 62, 46, 59,  1,  1, 14,  3,  1,113, 24, 89,152,135, 52, 82,146, 65, 47,110, 22,  1, 14,  3,  1,  1, 15, 62, 46, 59,  1]
[  1, 43, 54,  5, 17,  1,  1, 32,  2,  1,119,102, 80, 68,118,101,140,123,105,153,139,122,  1, 32,  2,  1,  1, 43, 54,  5, 17,  1]
[  1,  7,  9, 13, 33,  1,  1,  1,  1,  1, 57,165, 11,131, 56,164, 76, 36, 42, 69, 75, 35,  1,  1,  1,  1,  1,  7,  9, 13, 33,  1]
[  1,  1,  1,  1,  1,  1,  1,  1,  1,  1, 94,125,106, 45, 93,124,160, 99, 79, 27,159, 98,  1,  1,  1,  1,  1,  1,  1,  1,  1,  1]
[  1,  1,  1,  1,  1,  1, 14,  3,  1,  1, 30, 38, 44,107, 29, 37, 97,162,  6, 91, 96,161,  1,  1, 14,  3,  1,  1,  1,  1,  1,  1]
[  1,  1, 14,  3,  1,  1, 32,  2,  1,  1, 74,143, 39, 12,163, 58, 34,  4, 60, 55, 92, 77,  1,  1, 32,  2,  1,  1, 14,  3,  1,  1]
[  1,  1, 32,  2,  1,  1,  1,  1,  1,  1,158, 61,126, 81,100,120,121, 78,142,117, 28,141,  1,  1,  1,  1,  1,  1, 32,  2,  1,  1]
[  1,  1,  1,  1,  1,  1,  1,  1,  1,  1,  1,  1,  1,  1,  1,  1,  1,  1,  1,  1,  1,  1,  1,  1,  1,  1,  1,  1,  1,  1,  1,  1]
[  1,  1,  1,  1,  1, 10, 16, 63,  8,  1,  1,  1,  1,  1,  1, 14,  3,  1,  1,  1,  1,  1,  1, 10, 16, 63,  8,  1,  1,  1,  1,  1]
[  1, 14,  3,  1,  1, 15, 62, 46, 59,  1,  1, 14,  3,  1,  1, 32,  2,  1,  1, 14,  3,  1,  1, 15, 62, 46, 59,  1,  1, 14,  3,  1]
[  1, 32,  2,  1,  1, 43, 54,  5, 17,  1,  1, 32,  2,  1,  1,  1,  1,  1,  1, 32,  2,  1,  1, 43, 54,  5, 17,  1,  1, 32,  2,  1]
[  1,  1,  1,  1,  1,  7,  9, 13, 33,  1,  1,  1,  1,  1,  1,  1,  1,  1,  1,  1,  1,  1,  1,  7,  9, 13, 33,  1,  1,  1,  1,  1]
[  1,  1,  1,  1,  1,  1,  1,  1,  1,  1,  1,  1,  1,  1, 10, 16, 63,  8,  1,  1,  1,  1,  1,  1,  1,  1,  1,  1,  1,  1,  1,  1]
[  1,  1, 14,  3,  1,  1,  1,  1,  1,  1, 14,  3,  1,  1, 15, 62, 46, 59,  1,  1, 14,  3,  1,  1,  1,  1,  1,  1, 14,  3,  1,  1]
[  1,  1, 32,  2,  1,  1, 14,  3,  1,  1, 32,  2,  1,  1, 43, 54,  5, 17,  1,  1, 32,  2,  1,  1, 14,  3,  1,  1, 32,  2,  1,  1]
[  1,  1,  1,  1,  1,  1, 32,  2,  1,  1,  1,  1,  1,  1,  7,  9, 13, 33,  1,  1,  1,  1,  1,  1, 32,  2,  1,  1,  1,  1,  1,  1]
[  1,  1,  1,  1,  1,  1,  1,  1,  1,  1,  1,  1,  1,  1,  1,  1,  1,  1,  1,  1,  1,  1,  1,  1,  1,  1,  1,  1,  1,  1,  1,  1]
