[d, p, q] = [32, 13, 19]
36,0,988
Degree Spatial distribution
[2, 2, 2, 2, 2, 2, 2, 2, 2, 2, 2, 2, 2, 2, 2, 2, 2, 2, 2, 2, 2, 2, 2, 2, 2, 2, 2, 2, 2, 2, 2, 2]
[2, 2, 2, 2, 2, 2, 2, 2, 2, 2, 2, 2, 2, 2, 2, 2, 2, 2, 2, 2, 2, 2, 2, 2, 2, 2, 2, 2, 2, 2, 2, 2]
[2, 2, 2, 2, 2, 2, 2, 2, 2, 2, 2, 2, 2, 2, 2, 2, 2, 2, 2, 2, 2, 2, 2, 2, 2, 2, 2, 2, 2, 2, 2, 2]
[2, 2, 2, 2, 2, 2, 2, 2, 2, 2, 2, 2, 2, 2, 2, 2, 2, 2, 2, 2, 2, 2, 2, 2, 2, 2, 2, 2, 2, 2, 2, 2]
[2, 2, 2, 2, 2, 2, 2, 2, 2, 2, 2, 2, 2, 2, 2, 2, 2, 2, 2, 2, 2, 2, 2, 2, 2, 2, 2, 2, 2, 2, 2, 2]
[2, 2, 2, 2, 2, 2, 2, 2, 2, 2, 2, 2, 2, 2, 2, 2, 2, 2, 2, 2, 2, 2, 2, 2, 2, 2, 2, 2, 2, 2, 2, 2]
[2, 2, 2, 2, 2, 2, 2, 2, 2, 2, 2, 2, 2, 2, 2, 2, 2, 2, 2, 2, 2, 2, 2, 2, 2, 2, 2, 2, 2, 2, 2, 2]
[2, 2, 2, 2, 2, 2, 2, 2, 2, 2, 2, 2, 2, 2, 2, 2, 2, 2, 2, 2, 2, 2, 2, 2, 2, 2, 2, 2, 2, 2, 2, 2]
[2, 2, 2, 2, 2, 2, 2, 2, 2, 2, 2, 2, 2, 2, 2, 2, 2, 2, 2, 2, 2, 2, 2, 2, 2, 2, 2, 2, 2, 2, 2, 2]
[2, 2, 2, 2, 2, 2, 2, 2, 2, 2, 2, 2, 2, 2, 2, 2, 2, 2, 2, 2, 2, 2, 2, 2, 2, 2, 2, 2, 2, 2, 2, 2]
[2, 2, 2, 2, 2, 2, 2, 2, 2, 2, 2, 2, 2, 2, 2, 2, 2, 2, 2, 2, 2, 2, 2, 2, 2, 2, 2, 2, 2, 2, 2, 2]
[2, 2, 2, 2, 2, 2, 2, 2, 2, 2, 2, 2, 2, 2, 2, 2, 2, 2, 2, 2, 2, 2, 2, 2, 2, 2, 2, 2, 2, 2, 2, 2]
[2, 2, 2, 2, 2, 2, 2, 2, 2, 2, 2, 2, 2, 2, 2, 2, 2, 2, 2, 2, 2, 2, 2, 2, 2, 2, 2, 2, 2, 2, 2, 2]
[2, 2, 2, 2, 2, 2, 2, 2, 2, 2, 2, 2, 2, 0, 0, 0, 0, 0, 0, 2, 2, 2, 2, 2, 2, 2, 2, 2, 2, 2, 2, 2]
[2, 2, 2, 2, 2, 2, 2, 2, 2, 2, 2, 2, 2, 0, 0, 0, 0, 0, 0, 2, 2, 2, 2, 2, 2, 2, 2, 2, 2, 2, 2, 2]
[2, 2, 2, 2, 2, 2, 2, 2, 2, 2, 2, 2, 2, 0, 0, 0, 0, 0, 0, 2, 2, 2, 2, 2, 2, 2, 2, 2, 2, 2, 2, 2]
[2, 2, 2, 2, 2, 2, 2, 2, 2, 2, 2, 2, 2, 0, 0, 0, 0, 0, 0, 2, 2, 2, 2, 2, 2, 2, 2, 2, 2, 2, 2, 2]
[2, 2, 2, 2, 2, 2, 2, 2, 2, 2, 2, 2, 2, 0, 0, 0, 0, 0, 0, 2, 2, 2, 2, 2, 2, 2, 2, 2, 2, 2, 2, 2]
[2, 2, 2, 2, 2, 2, 2, 2, 2, 2, 2, 2, 2, 0, 0, 0, 0, 0, 0, 2, 2, 2, 2, 2, 2, 2, 2, 2, 2, 2, 2, 2]
[2, 2, 2, 2, 2, 2, 2, 2, 2, 2, 2, 2, 2, 2, 2, 2, 2, 2, 2, 2, 2, 2, 2, 2, 2, 2, 2, 2, 2, 2, 2, 2]
[2, 2, 2, 2, 2, 2, 2, 2, 2, 2, 2, 2, 2, 2, 2, 2, 2, 2, 2, 2, 2, 2, 2, 2, 2, 2, 2, 2, 2, 2, 2, 2]
[2, 2, 2, 2, 2, 2, 2, 2, 2, 2, 2, 2, 2, 2, 2, 2, 2, 2, 2, 2, 2, 2, 2, 2, 2, 2, 2, 2, 2, 2, 2, 2]
[2, 2, 2, 2, 2, 2, 2, 2, 2, 2, 2, 2, 2, 2, 2, 2, 2, 2, 2, 2, 2, 2, 2, 2, 2, 2, 2, 2, 2, 2, 2, 2]
[2, 2, 2, 2, 2, 2, 2, 2, 2, 2, 2, 2, 2, 2, 2, 2, 2, 2, 2, 2, 2, 2, 2, 2, 2, 2, 2, 2, 2, 2, 2, 2]
[2, 2, 2, 2, 2, 2, 2, 2, 2, 2, 2, 2, 2, 2, 2, 2, 2, 2, 2, 2, 2, 2, 2, 2, 2, 2, 2, 2, 2, 2, 2, 2]
[2, 2, 2, 2, 2, 2, 2, 2, 2, 2, 2, 2, 2, 2, 2, 2, 2, 2, 2, 2, 2, 2, 2, 2, 2, 2, 2, 2, 2, 2, 2, 2]
[2, 2, 2, 2, 2, 2, 2, 2, 2, 2, 2, 2, 2, 2, 2, 2, 2, 2, 2, 2, 2, 2, 2, 2, 2, 2, 2, 2, 2, 2, 2, 2]
[2, 2, 2, 2, 2, 2, 2, 2, 2, 2, 2, 2, 2, 2, 2, 2, 2, 2, 2, 2, 2, 2, 2, 2, 2, 2, 2, 2, 2, 2, 2, 2]
[2, 2, 2, 2, 2, 2, 2, 2, 2, 2, 2, 2, 2, 2, 2, 2, 2, 2, 2, 2, 2, 2, 2, 2, 2, 2, 2, 2, 2, 2, 2, 2]
[2, 2, 2, 2, 2, 2, 2, 2, 2, 2, 2, 2, 2, 2, 2, 2, 2, 2, 2, 2, 2, 2, 2, 2, 2, 2, 2, 2, 2, 2, 2, 2]
[2, 2, 2, 2, 2, 2, 2, 2, 2, 2, 2, 2, 2, 2, 2, 2, 2, 2, 2, 2, 2, 2, 2, 2, 2, 2, 2, 2, 2, 2, 2, 2]
[2, 2, 2, 2, 2, 2, 2, 2, 2, 2, 2, 2, 2, 2, 2, 2, 2, 2, 2, 2, 2, 2, 2, 2, 2, 2, 2, 2, 2, 2, 2, 2]
Edges: 988
Moves: 1976
Max Clique Size: 2
Number of Max Cliques: 1024
Number of Connected Components: 110
Connected Components Spatial Distribution
[ 29, 54, 64, 47, 81, 12, 65, 11, 41, 10, 33,  2,  9,  4,  9,  4,  9,  4,  9,  4, 65, 11, 41, 10, 33,  2, 29, 54, 64, 47, 81, 12]
[ 19, 22, 20, 38,  8, 15, 59, 43, 52, 76, 71, 23,  4, 65, 11, 41, 10, 33,  2,  9, 59, 43, 52, 76, 71, 23, 19, 22, 20, 38,  8, 15]
[ 50, 17, 34,  5, 40, 79,  6,  7, 36, 53, 37, 42,  9, 59, 43, 52, 76, 71, 23,  4,  6,  7, 36, 53, 37, 42, 50, 17, 34,  5, 40, 79]
[ 66, 75, 55, 58, 69, 32, 31,  1, 18, 63, 14, 28,  4,  6,  7, 36, 53, 37, 42,  9, 31,  1, 18, 63, 14, 28, 66, 75, 55, 58, 69, 32]
[ 57, 86, 61, 46, 82, 16, 74, 60, 25, 51, 21, 26,  9, 31,  1, 18, 63, 14, 28,  4, 74, 60, 25, 51, 21, 26, 57, 86, 61, 46, 82, 16]
[ 48, 39, 72, 67, 24,  3, 56, 35, 13, 27, 49, 68,  4, 74, 60, 25, 51, 21, 26,  9, 56, 35, 13, 27, 49, 68, 48, 39, 72, 67, 24,  3]
[ 65, 11, 41, 10, 33,  2,  9,  4,  9,  4,  9,  4,  9, 56, 35, 13, 27, 49, 68,  4,  9,  4,  9,  4,  9,  4, 65, 11, 41, 10, 33,  2]
[ 59, 43, 52, 76, 71, 23,  4, 65, 11, 41, 10, 33,  2, 29, 54, 64, 47, 81, 12, 65, 11, 41, 10, 33,  2,  9, 59, 43, 52, 76, 71, 23]
[  6,  7, 36, 53, 37, 42,  9, 59, 43, 52, 76, 71, 23, 19, 22, 20, 38,  8, 15, 59, 43, 52, 76, 71, 23,  4,  6,  7, 36, 53, 37, 42]
[ 31,  1, 18, 63, 14, 28,  4,  6,  7, 36, 53, 37, 42, 50, 17, 34,  5, 40, 79,  6,  7, 36, 53, 37, 42,  9, 31,  1, 18, 63, 14, 28]
[ 74, 60, 25, 51, 21, 26,  9, 31,  1, 18, 63, 14, 28, 66, 75, 55, 58, 69, 32, 31,  1, 18, 63, 14, 28,  4, 74, 60, 25, 51, 21, 26]
[ 56, 35, 13, 27, 49, 68,  4, 74, 60, 25, 51, 21, 26, 57, 86, 61, 46, 82, 16, 74, 60, 25, 51, 21, 26,  9, 56, 35, 13, 27, 49, 68]
[  9,  4,  9,  4,  9,  4,  9, 56, 35, 13, 27, 49, 68, 48, 39, 72, 67, 24,  3, 56, 35, 13, 27, 49, 68,  4,  9,  4,  9,  4,  9,  4]
[  4, 65, 11, 41, 10, 33,  2, 29, 54, 64, 47, 81, 12, 45,108, 44, 83, 30, 91, 29, 54, 64, 47, 81, 12, 65, 11, 41, 10, 33,  2,  9]
[  9, 59, 43, 52, 76, 71, 23, 19, 22, 20, 38,  8, 15, 92, 77,103,105, 90,100, 19, 22, 20, 38,  8, 15, 59, 43, 52, 76, 71, 23,  4]
[  4,  6,  7, 36, 53, 37, 42, 50, 17, 34,  5, 40, 79,107,102, 78, 89,106, 84, 50, 17, 34,  5, 40, 79,  6,  7, 36, 53, 37, 42,  9]
[  9, 31,  1, 18, 63, 14, 28, 66, 75, 55, 58, 69, 32, 85, 97, 95,104, 98, 96, 66, 75, 55, 58, 69, 32, 31,  1, 18, 63, 14, 28,  4]
[  4, 74, 60, 25, 51, 21, 26, 57, 86, 61, 46, 82, 16,101, 80,110, 87, 62, 70, 57, 86, 61, 46, 82, 16, 74, 60, 25, 51, 21, 26,  9]
[  9, 56, 35, 13, 27, 49, 68, 48, 39, 72, 67, 24,  3, 73, 93, 99,109, 94, 88, 48, 39, 72, 67, 24,  3, 56, 35, 13, 27, 49, 68,  4]
[  4,  9,  4,  9,  4,  9,  4, 65, 11, 41, 10, 33,  2, 29, 54, 64, 47, 81, 12, 65, 11, 41, 10, 33,  2,  9,  4,  9,  4,  9,  4,  9]
[ 65, 11, 41, 10, 33,  2,  9, 59, 43, 52, 76, 71, 23, 19, 22, 20, 38,  8, 15, 59, 43, 52, 76, 71, 23,  4, 65, 11, 41, 10, 33,  2]
[ 59, 43, 52, 76, 71, 23,  4,  6,  7, 36, 53, 37, 42, 50, 17, 34,  5, 40, 79,  6,  7, 36, 53, 37, 42,  9, 59, 43, 52, 76, 71, 23]
[  6,  7, 36, 53, 37, 42,  9, 31,  1, 18, 63, 14, 28, 66, 75, 55, 58, 69, 32, 31,  1, 18, 63, 14, 28,  4,  6,  7, 36, 53, 37, 42]
[ 31,  1, 18, 63, 14, 28,  4, 74, 60, 25, 51, 21, 26, 57, 86, 61, 46, 82, 16, 74, 60, 25, 51, 21, 26,  9, 31,  1, 18, 63, 14, 28]
[ 74, 60, 25, 51, 21, 26,  9, 56, 35, 13, 27, 49, 68, 48, 39, 72, 67, 24,  3, 56, 35, 13, 27, 49, 68,  4, 74, 60, 25, 51, 21, 26]
[ 56, 35, 13, 27, 49, 68,  4,  9,  4,  9,  4,  9,  4, 65, 11, 41, 10, 33,  2,  9,  4,  9,  4,  9,  4,  9, 56, 35, 13, 27, 49, 68]
[ 29, 54, 64, 47, 81, 12, 65, 11, 41, 10, 33,  2,  9, 59, 43, 52, 76, 71, 23,  4, 65, 11, 41, 10, 33,  2, 29, 54, 64, 47, 81, 12]
[ 19, 22, 20, 38,  8, 15, 59, 43, 52, 76, 71, 23,  4,  6,  7, 36, 53, 37, 42,  9, 59, 43, 52, 76, 71, 23, 19, 22, 20, 38,  8, 15]
[ 50, 17, 34,  5, 40, 79,  6,  7, 36, 53, 37, 42,  9, 31,  1, 18, 63, 14, 28,  4,  6,  7, 36, 53, 37, 42, 50, 17, 34,  5, 40, 79]
[ 66, 75, 55, 58, 69, 32, 31,  1, 18, 63, 14, 28,  4, 74, 60, 25, 51, 21, 26,  9, 31,  1, 18, 63, 14, 28, 66, 75, 55, 58, 69, 32]
[ 57, 86, 61, 46, 82, 16, 74, 60, 25, 51, 21, 26,  9, 56, 35, 13, 27, 49, 68,  4, 74, 60, 25, 51, 21, 26, 57, 86, 61, 46, 82, 16]
[ 48, 39, 72, 67, 24,  3, 56, 35, 13, 27, 49, 68,  4,  9,  4,  9,  4,  9,  4,  9, 56, 35, 13, 27, 49, 68, 48, 39, 72, 67, 24,  3]
