[d, p, q] = [32, 15, 17]
4,0,1020
Degree Spatial distribution
[2, 2, 2, 2, 2, 2, 2, 2, 2, 2, 2, 2, 2, 2, 2, 2, 2, 2, 2, 2, 2, 2, 2, 2, 2, 2, 2, 2, 2, 2, 2, 2]
[2, 2, 2, 2, 2, 2, 2, 2, 2, 2, 2, 2, 2, 2, 2, 2, 2, 2, 2, 2, 2, 2, 2, 2, 2, 2, 2, 2, 2, 2, 2, 2]
[2, 2, 2, 2, 2, 2, 2, 2, 2, 2, 2, 2, 2, 2, 2, 2, 2, 2, 2, 2, 2, 2, 2, 2, 2, 2, 2, 2, 2, 2, 2, 2]
[2, 2, 2, 2, 2, 2, 2, 2, 2, 2, 2, 2, 2, 2, 2, 2, 2, 2, 2, 2, 2, 2, 2, 2, 2, 2, 2, 2, 2, 2, 2, 2]
[2, 2, 2, 2, 2, 2, 2, 2, 2, 2, 2, 2, 2, 2, 2, 2, 2, 2, 2, 2, 2, 2, 2, 2, 2, 2, 2, 2, 2, 2, 2, 2]
[2, 2, 2, 2, 2, 2, 2, 2, 2, 2, 2, 2, 2, 2, 2, 2, 2, 2, 2, 2, 2, 2, 2, 2, 2, 2, 2, 2, 2, 2, 2, 2]
[2, 2, 2, 2, 2, 2, 2, 2, 2, 2, 2, 2, 2, 2, 2, 2, 2, 2, 2, 2, 2, 2, 2, 2, 2, 2, 2, 2, 2, 2, 2, 2]
[2, 2, 2, 2, 2, 2, 2, 2, 2, 2, 2, 2, 2, 2, 2, 2, 2, 2, 2, 2, 2, 2, 2, 2, 2, 2, 2, 2, 2, 2, 2, 2]
[2, 2, 2, 2, 2, 2, 2, 2, 2, 2, 2, 2, 2, 2, 2, 2, 2, 2, 2, 2, 2, 2, 2, 2, 2, 2, 2, 2, 2, 2, 2, 2]
[2, 2, 2, 2, 2, 2, 2, 2, 2, 2, 2, 2, 2, 2, 2, 2, 2, 2, 2, 2, 2, 2, 2, 2, 2, 2, 2, 2, 2, 2, 2, 2]
[2, 2, 2, 2, 2, 2, 2, 2, 2, 2, 2, 2, 2, 2, 2, 2, 2, 2, 2, 2, 2, 2, 2, 2, 2, 2, 2, 2, 2, 2, 2, 2]
[2, 2, 2, 2, 2, 2, 2, 2, 2, 2, 2, 2, 2, 2, 2, 2, 2, 2, 2, 2, 2, 2, 2, 2, 2, 2, 2, 2, 2, 2, 2, 2]
[2, 2, 2, 2, 2, 2, 2, 2, 2, 2, 2, 2, 2, 2, 2, 2, 2, 2, 2, 2, 2, 2, 2, 2, 2, 2, 2, 2, 2, 2, 2, 2]
[2, 2, 2, 2, 2, 2, 2, 2, 2, 2, 2, 2, 2, 2, 2, 2, 2, 2, 2, 2, 2, 2, 2, 2, 2, 2, 2, 2, 2, 2, 2, 2]
[2, 2, 2, 2, 2, 2, 2, 2, 2, 2, 2, 2, 2, 2, 2, 2, 2, 2, 2, 2, 2, 2, 2, 2, 2, 2, 2, 2, 2, 2, 2, 2]
[2, 2, 2, 2, 2, 2, 2, 2, 2, 2, 2, 2, 2, 2, 2, 0, 0, 2, 2, 2, 2, 2, 2, 2, 2, 2, 2, 2, 2, 2, 2, 2]
[2, 2, 2, 2, 2, 2, 2, 2, 2, 2, 2, 2, 2, 2, 2, 0, 0, 2, 2, 2, 2, 2, 2, 2, 2, 2, 2, 2, 2, 2, 2, 2]
[2, 2, 2, 2, 2, 2, 2, 2, 2, 2, 2, 2, 2, 2, 2, 2, 2, 2, 2, 2, 2, 2, 2, 2, 2, 2, 2, 2, 2, 2, 2, 2]
[2, 2, 2, 2, 2, 2, 2, 2, 2, 2, 2, 2, 2, 2, 2, 2, 2, 2, 2, 2, 2, 2, 2, 2, 2, 2, 2, 2, 2, 2, 2, 2]
[2, 2, 2, 2, 2, 2, 2, 2, 2, 2, 2, 2, 2, 2, 2, 2, 2, 2, 2, 2, 2, 2, 2, 2, 2, 2, 2, 2, 2, 2, 2, 2]
[2, 2, 2, 2, 2, 2, 2, 2, 2, 2, 2, 2, 2, 2, 2, 2, 2, 2, 2, 2, 2, 2, 2, 2, 2, 2, 2, 2, 2, 2, 2, 2]
[2, 2, 2, 2, 2, 2, 2, 2, 2, 2, 2, 2, 2, 2, 2, 2, 2, 2, 2, 2, 2, 2, 2, 2, 2, 2, 2, 2, 2, 2, 2, 2]
[2, 2, 2, 2, 2, 2, 2, 2, 2, 2, 2, 2, 2, 2, 2, 2, 2, 2, 2, 2, 2, 2, 2, 2, 2, 2, 2, 2, 2, 2, 2, 2]
[2, 2, 2, 2, 2, 2, 2, 2, 2, 2, 2, 2, 2, 2, 2, 2, 2, 2, 2, 2, 2, 2, 2, 2, 2, 2, 2, 2, 2, 2, 2, 2]
[2, 2, 2, 2, 2, 2, 2, 2, 2, 2, 2, 2, 2, 2, 2, 2, 2, 2, 2, 2, 2, 2, 2, 2, 2, 2, 2, 2, 2, 2, 2, 2]
[2, 2, 2, 2, 2, 2, 2, 2, 2, 2, 2, 2, 2, 2, 2, 2, 2, 2, 2, 2, 2, 2, 2, 2, 2, 2, 2, 2, 2, 2, 2, 2]
[2, 2, 2, 2, 2, 2, 2, 2, 2, 2, 2, 2, 2, 2, 2, 2, 2, 2, 2, 2, 2, 2, 2, 2, 2, 2, 2, 2, 2, 2, 2, 2]
[2, 2, 2, 2, 2, 2, 2, 2, 2, 2, 2, 2, 2, 2, 2, 2, 2, 2, 2, 2, 2, 2, 2, 2, 2, 2, 2, 2, 2, 2, 2, 2]
[2, 2, 2, 2, 2, 2, 2, 2, 2, 2, 2, 2, 2, 2, 2, 2, 2, 2, 2, 2, 2, 2, 2, 2, 2, 2, 2, 2, 2, 2, 2, 2]
[2, 2, 2, 2, 2, 2, 2, 2, 2, 2, 2, 2, 2, 2, 2, 2, 2, 2, 2, 2, 2, 2, 2, 2, 2, 2, 2, 2, 2, 2, 2, 2]
[2, 2, 2, 2, 2, 2, 2, 2, 2, 2, 2, 2, 2, 2, 2, 2, 2, 2, 2, 2, 2, 2, 2, 2, 2, 2, 2, 2, 2, 2, 2, 2]
[2, 2, 2, 2, 2, 2, 2, 2, 2, 2, 2, 2, 2, 2, 2, 2, 2, 2, 2, 2, 2, 2, 2, 2, 2, 2, 2, 2, 2, 2, 2, 2]
Edges: 1020
Moves: 2040
Max Clique Size: 2
Number of Max Cliques: 1024
Number of Connected Components: 34
Connected Components Spatial Distribution
[24,27,20,14,19, 5,26, 2, 6,10,23,11,18, 4,17, 7,17, 7,18, 4,23,11, 6,10,26, 2,19, 5,20,14,24,27]
[31,30,25,28, 8, 3,16,22,13, 1,15,21,12, 9, 7,18, 4,17,12, 9,15,21,13, 1,16,22, 8, 3,25,28,31,30]
[20,14,19, 5,26, 2, 6,10,23,11,18, 4,17, 7,17,12, 9, 7,17, 7,18, 4,23,11, 6,10,26, 2,19, 5,20,14]
[25,28, 8, 3,16,22,13, 1,15,21,12, 9, 7,18, 4,23,11,18, 4,17,12, 9,15,21,13, 1,16,22, 8, 3,25,28]
[19, 5,26, 2, 6,10,23,11,18, 4,17, 7,17,12, 9,15,21,12, 9, 7,17, 7,18, 4,23,11, 6,10,26, 2,19, 5]
[ 8, 3,16,22,13, 1,15,21,12, 9, 7,18, 4,23,11, 6,10,23,11,18, 4,17,12, 9,15,21,13, 1,16,22, 8, 3]
[26, 2, 6,10,23,11,18, 4,17, 7,17,12, 9,15,21,13, 1,15,21,12, 9, 7,17, 7,18, 4,23,11, 6,10,26, 2]
[16,22,13, 1,15,21,12, 9, 7,18, 4,23,11, 6,10,26, 2, 6,10,23,11,18, 4,17,12, 9,15,21,13, 1,16,22]
[ 6,10,23,11,18, 4,17, 7,17,12, 9,15,21,13, 1,16,22,13, 1,15,21,12, 9, 7,17, 7,18, 4,23,11, 6,10]
[13, 1,15,21,12, 9, 7,18, 4,23,11, 6,10,26, 2,19, 5,26, 2, 6,10,23,11,18, 4,17,12, 9,15,21,13, 1]
[23,11,18, 4,17, 7,17,12, 9,15,21,13, 1,16,22, 8, 3,16,22,13, 1,15,21,12, 9, 7,17, 7,18, 4,23,11]
[15,21,12, 9, 7,18, 4,23,11, 6,10,26, 2,19, 5,20,14,19, 5,26, 2, 6,10,23,11,18, 4,17,12, 9,15,21]
[18, 4,17, 7,17,12, 9,15,21,13, 1,16,22, 8, 3,25,28, 8, 3,16,22,13, 1,15,21,12, 9, 7,17, 7,18, 4]
[12, 9, 7,18, 4,23,11, 6,10,26, 2,19, 5,20,14,24,27,20,14,19, 5,26, 2, 6,10,23,11,18, 4,17,12, 9]
[17, 7,17,12, 9,15,21,13, 1,16,22, 8, 3,25,28,31,30,25,28, 8, 3,16,22,13, 1,15,21,12, 9, 7,17, 7]
[ 7,18, 4,23,11, 6,10,26, 2,19, 5,20,14,24,27,29,32,24,27,20,14,19, 5,26, 2, 6,10,23,11,18, 4,17]
[17,12, 9,15,21,13, 1,16,22, 8, 3,25,28,31,30,33,34,31,30,25,28, 8, 3,16,22,13, 1,15,21,12, 9, 7]
[ 7,17, 7,18, 4,23,11, 6,10,26, 2,19, 5,20,14,24,27,20,14,19, 5,26, 2, 6,10,23,11,18, 4,17, 7,17]
[18, 4,17,12, 9,15,21,13, 1,16,22, 8, 3,25,28,31,30,25,28, 8, 3,16,22,13, 1,15,21,12, 9, 7,18, 4]
[12, 9, 7,17, 7,18, 4,23,11, 6,10,26, 2,19, 5,20,14,19, 5,26, 2, 6,10,23,11,18, 4,17, 7,17,12, 9]
[23,11,18, 4,17,12, 9,15,21,13, 1,16,22, 8, 3,25,28, 8, 3,16,22,13, 1,15,21,12, 9, 7,18, 4,23,11]
[15,21,12, 9, 7,17, 7,18, 4,23,11, 6,10,26, 2,19, 5,26, 2, 6,10,23,11,18, 4,17, 7,17,12, 9,15,21]
[ 6,10,23,11,18, 4,17,12, 9,15,21,13, 1,16,22, 8, 3,16,22,13, 1,15,21,12, 9, 7,18, 4,23,11, 6,10]
[13, 1,15,21,12, 9, 7,17, 7,18, 4,23,11, 6,10,26, 2, 6,10,23,11,18, 4,17, 7,17,12, 9,15,21,13, 1]
[26, 2, 6,10,23,11,18, 4,17,12, 9,15,21,13, 1,16,22,13, 1,15,21,12, 9, 7,18, 4,23,11, 6,10,26, 2]
[16,22,13, 1,15,21,12, 9, 7,17, 7,18, 4,23,11, 6,10,23,11,18, 4,17, 7,17,12, 9,15,21,13, 1,16,22]
[19, 5,26, 2, 6,10,23,11,18, 4,17,12, 9,15,21,13, 1,15,21,12, 9, 7,18, 4,23,11, 6,10,26, 2,19, 5]
[ 8, 3,16,22,13, 1,15,21,12, 9, 7,17, 7,18, 4,23,11,18, 4,17, 7,17,12, 9,15,21,13, 1,16,22, 8, 3]
[20,14,19, 5,26, 2, 6,10,23,11,18, 4,17,12, 9,15,21,12, 9, 7,18, 4,23,11, 6,10,26, 2,19, 5,20,14]
[25,28, 8, 3,16,22,13, 1,15,21,12, 9, 7,17, 7,18, 4,17, 7,17,12, 9,15,21,13, 1,16,22, 8, 3,25,28]
[24,27,20,14,19, 5,26, 2, 6,10,23,11,18, 4,17,12, 9, 7,18, 4,23,11, 6,10,26, 2,19, 5,20,14,24,27]
[31,30,25,28, 8, 3,16,22,13, 1,15,21,12, 9, 7,17, 7,17,12, 9,15,21,13, 1,16,22, 8, 3,25,28,31,30]
