[d, p, q] = [32, 12, 20]
64,0,960
Degree Spatial distribution
[2, 2, 2, 2, 2, 2, 2, 2, 2, 2, 2, 2, 2, 2, 2, 2, 2, 2, 2, 2, 2, 2, 2, 2, 2, 2, 2, 2, 2, 2, 2, 2]
[2, 2, 2, 2, 2, 2, 2, 2, 2, 2, 2, 2, 2, 2, 2, 2, 2, 2, 2, 2, 2, 2, 2, 2, 2, 2, 2, 2, 2, 2, 2, 2]
[2, 2, 2, 2, 2, 2, 2, 2, 2, 2, 2, 2, 2, 2, 2, 2, 2, 2, 2, 2, 2, 2, 2, 2, 2, 2, 2, 2, 2, 2, 2, 2]
[2, 2, 2, 2, 2, 2, 2, 2, 2, 2, 2, 2, 2, 2, 2, 2, 2, 2, 2, 2, 2, 2, 2, 2, 2, 2, 2, 2, 2, 2, 2, 2]
[2, 2, 2, 2, 2, 2, 2, 2, 2, 2, 2, 2, 2, 2, 2, 2, 2, 2, 2, 2, 2, 2, 2, 2, 2, 2, 2, 2, 2, 2, 2, 2]
[2, 2, 2, 2, 2, 2, 2, 2, 2, 2, 2, 2, 2, 2, 2, 2, 2, 2, 2, 2, 2, 2, 2, 2, 2, 2, 2, 2, 2, 2, 2, 2]
[2, 2, 2, 2, 2, 2, 2, 2, 2, 2, 2, 2, 2, 2, 2, 2, 2, 2, 2, 2, 2, 2, 2, 2, 2, 2, 2, 2, 2, 2, 2, 2]
[2, 2, 2, 2, 2, 2, 2, 2, 2, 2, 2, 2, 2, 2, 2, 2, 2, 2, 2, 2, 2, 2, 2, 2, 2, 2, 2, 2, 2, 2, 2, 2]
[2, 2, 2, 2, 2, 2, 2, 2, 2, 2, 2, 2, 2, 2, 2, 2, 2, 2, 2, 2, 2, 2, 2, 2, 2, 2, 2, 2, 2, 2, 2, 2]
[2, 2, 2, 2, 2, 2, 2, 2, 2, 2, 2, 2, 2, 2, 2, 2, 2, 2, 2, 2, 2, 2, 2, 2, 2, 2, 2, 2, 2, 2, 2, 2]
[2, 2, 2, 2, 2, 2, 2, 2, 2, 2, 2, 2, 2, 2, 2, 2, 2, 2, 2, 2, 2, 2, 2, 2, 2, 2, 2, 2, 2, 2, 2, 2]
[2, 2, 2, 2, 2, 2, 2, 2, 2, 2, 2, 2, 2, 2, 2, 2, 2, 2, 2, 2, 2, 2, 2, 2, 2, 2, 2, 2, 2, 2, 2, 2]
[2, 2, 2, 2, 2, 2, 2, 2, 2, 2, 2, 2, 0, 0, 0, 0, 0, 0, 0, 0, 2, 2, 2, 2, 2, 2, 2, 2, 2, 2, 2, 2]
[2, 2, 2, 2, 2, 2, 2, 2, 2, 2, 2, 2, 0, 0, 0, 0, 0, 0, 0, 0, 2, 2, 2, 2, 2, 2, 2, 2, 2, 2, 2, 2]
[2, 2, 2, 2, 2, 2, 2, 2, 2, 2, 2, 2, 0, 0, 0, 0, 0, 0, 0, 0, 2, 2, 2, 2, 2, 2, 2, 2, 2, 2, 2, 2]
[2, 2, 2, 2, 2, 2, 2, 2, 2, 2, 2, 2, 0, 0, 0, 0, 0, 0, 0, 0, 2, 2, 2, 2, 2, 2, 2, 2, 2, 2, 2, 2]
[2, 2, 2, 2, 2, 2, 2, 2, 2, 2, 2, 2, 0, 0, 0, 0, 0, 0, 0, 0, 2, 2, 2, 2, 2, 2, 2, 2, 2, 2, 2, 2]
[2, 2, 2, 2, 2, 2, 2, 2, 2, 2, 2, 2, 0, 0, 0, 0, 0, 0, 0, 0, 2, 2, 2, 2, 2, 2, 2, 2, 2, 2, 2, 2]
[2, 2, 2, 2, 2, 2, 2, 2, 2, 2, 2, 2, 0, 0, 0, 0, 0, 0, 0, 0, 2, 2, 2, 2, 2, 2, 2, 2, 2, 2, 2, 2]
[2, 2, 2, 2, 2, 2, 2, 2, 2, 2, 2, 2, 0, 0, 0, 0, 0, 0, 0, 0, 2, 2, 2, 2, 2, 2, 2, 2, 2, 2, 2, 2]
[2, 2, 2, 2, 2, 2, 2, 2, 2, 2, 2, 2, 2, 2, 2, 2, 2, 2, 2, 2, 2, 2, 2, 2, 2, 2, 2, 2, 2, 2, 2, 2]
[2, 2, 2, 2, 2, 2, 2, 2, 2, 2, 2, 2, 2, 2, 2, 2, 2, 2, 2, 2, 2, 2, 2, 2, 2, 2, 2, 2, 2, 2, 2, 2]
[2, 2, 2, 2, 2, 2, 2, 2, 2, 2, 2, 2, 2, 2, 2, 2, 2, 2, 2, 2, 2, 2, 2, 2, 2, 2, 2, 2, 2, 2, 2, 2]
[2, 2, 2, 2, 2, 2, 2, 2, 2, 2, 2, 2, 2, 2, 2, 2, 2, 2, 2, 2, 2, 2, 2, 2, 2, 2, 2, 2, 2, 2, 2, 2]
[2, 2, 2, 2, 2, 2, 2, 2, 2, 2, 2, 2, 2, 2, 2, 2, 2, 2, 2, 2, 2, 2, 2, 2, 2, 2, 2, 2, 2, 2, 2, 2]
[2, 2, 2, 2, 2, 2, 2, 2, 2, 2, 2, 2, 2, 2, 2, 2, 2, 2, 2, 2, 2, 2, 2, 2, 2, 2, 2, 2, 2, 2, 2, 2]
[2, 2, 2, 2, 2, 2, 2, 2, 2, 2, 2, 2, 2, 2, 2, 2, 2, 2, 2, 2, 2, 2, 2, 2, 2, 2, 2, 2, 2, 2, 2, 2]
[2, 2, 2, 2, 2, 2, 2, 2, 2, 2, 2, 2, 2, 2, 2, 2, 2, 2, 2, 2, 2, 2, 2, 2, 2, 2, 2, 2, 2, 2, 2, 2]
[2, 2, 2, 2, 2, 2, 2, 2, 2, 2, 2, 2, 2, 2, 2, 2, 2, 2, 2, 2, 2, 2, 2, 2, 2, 2, 2, 2, 2, 2, 2, 2]
[2, 2, 2, 2, 2, 2, 2, 2, 2, 2, 2, 2, 2, 2, 2, 2, 2, 2, 2, 2, 2, 2, 2, 2, 2, 2, 2, 2, 2, 2, 2, 2]
[2, 2, 2, 2, 2, 2, 2, 2, 2, 2, 2, 2, 2, 2, 2, 2, 2, 2, 2, 2, 2, 2, 2, 2, 2, 2, 2, 2, 2, 2, 2, 2]
[2, 2, 2, 2, 2, 2, 2, 2, 2, 2, 2, 2, 2, 2, 2, 2, 2, 2, 2, 2, 2, 2, 2, 2, 2, 2, 2, 2, 2, 2, 2, 2]
Edges: 960
Moves: 1920
Max Clique Size: 2
Number of Max Cliques: 1024
Number of Connected Components: 160
Connected Components Spatial Distribution
[ 57, 26, 46, 25, 45,  9, 28,  8, 36,  7, 97, 92,101, 67, 37, 69, 36,  7, 97, 92,101, 67, 37, 69, 57, 26, 46, 25, 45,  9, 28,  8]
[118, 73, 85, 31, 58, 59, 66, 10, 19, 47, 68, 40,  4, 29, 21, 48, 19, 47, 68, 40,  4, 29, 21, 48,118, 73, 85, 31, 58, 59, 66, 10]
[ 41, 74, 61, 30, 20, 64, 49, 88, 98, 15, 32, 18, 33, 78,102, 14, 98, 15, 32, 18, 33, 78,102, 14, 41, 74, 61, 30, 20, 64, 49, 88]
[ 71, 44, 27, 65, 60, 24, 62,  1, 12,100, 16, 34, 77, 35, 17,103, 12,100, 16, 34, 77, 35, 17,103, 71, 44, 27, 65, 60, 24, 62,  1]
[ 52, 23, 51, 93, 94, 53,  6, 81,101, 67, 37, 69, 57, 26, 46, 25, 45,  9, 28,  8, 36,  7, 97, 92, 52, 23, 51, 93, 94, 53,  6, 81]
[ 76, 82, 90,116,  5, 79, 86,110,  4, 29, 21, 48,118, 73, 85, 31, 58, 59, 66, 10, 19, 47, 68, 40, 76, 82, 90,116,  5, 79, 86,110]
[105,111, 75, 56, 50, 89, 42,  2, 33, 78,102, 14, 41, 74, 61, 30, 20, 64, 49, 88, 98, 15, 32, 18,105,111, 75, 56, 50, 89, 42,  2]
[109,107, 11, 43, 87,  3, 72, 80, 77, 35, 17,103, 71, 44, 27, 65, 60, 24, 62,  1, 12,100, 16, 34,109,107, 11, 43, 87,  3, 72, 80]
[ 36,  7, 97, 92,101, 67, 37, 69, 36,  7, 97, 92, 52, 23, 51, 93, 94, 53,  6, 81,101, 67, 37, 69, 36,  7, 97, 92,101, 67, 37, 69]
[ 19, 47, 68, 40,  4, 29, 21, 48, 19, 47, 68, 40, 76, 82, 90,116,  5, 79, 86,110,  4, 29, 21, 48, 19, 47, 68, 40,  4, 29, 21, 48]
[ 98, 15, 32, 18, 33, 78,102, 14, 98, 15, 32, 18,105,111, 75, 56, 50, 89, 42,  2, 33, 78,102, 14, 98, 15, 32, 18, 33, 78,102, 14]
[ 12,100, 16, 34, 77, 35, 17,103, 12,100, 16, 34,109,107, 11, 43, 87,  3, 72, 80, 77, 35, 17,103, 12,100, 16, 34, 77, 35, 17,103]
[101, 67, 37, 69, 57, 26, 46, 25, 45,  9, 28,  8,145,139,119,138,143,137,153,136, 57, 26, 46, 25, 45,  9, 28,  8, 36,  7, 97, 92]
[  4, 29, 21, 48,118, 73, 85, 31, 58, 59, 66, 10,114, 55,157, 54,112, 39,125, 38,118, 73, 85, 31, 58, 59, 66, 10, 19, 47, 68, 40]
[ 33, 78,102, 14, 41, 74, 61, 30, 20, 64, 49, 88,154,127,104,149,151,124,144,147, 41, 74, 61, 30, 20, 64, 49, 88, 98, 15, 32, 18]
[ 77, 35, 17,103, 71, 44, 27, 65, 60, 24, 62,  1,126,155,148,106,123,152,113, 99, 71, 44, 27, 65, 60, 24, 62,  1, 12,100, 16, 34]
[ 36,  7, 97, 92, 52, 23, 51, 93, 94, 53,  6, 81,122,115,140,132,150,141,133,156, 52, 23, 51, 93, 94, 53,  6, 81,101, 67, 37, 69]
[ 19, 47, 68, 40, 76, 82, 90,116,  5, 79, 86,110, 22,146,108,160,120, 83, 91,117, 76, 82, 90,116,  5, 79, 86,110,  4, 29, 21, 48]
[ 98, 15, 32, 18,105,111, 75, 56, 50, 89, 42,  2,134, 96,129,142,158,131,121, 63,105,111, 75, 56, 50, 89, 42,  2, 33, 78,102, 14]
[ 12,100, 16, 34,109,107, 11, 43, 87,  3, 72, 80, 95,135, 70, 84,130,159, 13,128,109,107, 11, 43, 87,  3, 72, 80, 77, 35, 17,103]
[101, 67, 37, 69, 36,  7, 97, 92,101, 67, 37, 69, 57, 26, 46, 25, 45,  9, 28,  8, 36,  7, 97, 92,101, 67, 37, 69, 36,  7, 97, 92]
[  4, 29, 21, 48, 19, 47, 68, 40,  4, 29, 21, 48,118, 73, 85, 31, 58, 59, 66, 10, 19, 47, 68, 40,  4, 29, 21, 48, 19, 47, 68, 40]
[ 33, 78,102, 14, 98, 15, 32, 18, 33, 78,102, 14, 41, 74, 61, 30, 20, 64, 49, 88, 98, 15, 32, 18, 33, 78,102, 14, 98, 15, 32, 18]
[ 77, 35, 17,103, 12,100, 16, 34, 77, 35, 17,103, 71, 44, 27, 65, 60, 24, 62,  1, 12,100, 16, 34, 77, 35, 17,103, 12,100, 16, 34]
[ 57, 26, 46, 25, 45,  9, 28,  8, 36,  7, 97, 92, 52, 23, 51, 93, 94, 53,  6, 81,101, 67, 37, 69, 57, 26, 46, 25, 45,  9, 28,  8]
[118, 73, 85, 31, 58, 59, 66, 10, 19, 47, 68, 40, 76, 82, 90,116,  5, 79, 86,110,  4, 29, 21, 48,118, 73, 85, 31, 58, 59, 66, 10]
[ 41, 74, 61, 30, 20, 64, 49, 88, 98, 15, 32, 18,105,111, 75, 56, 50, 89, 42,  2, 33, 78,102, 14, 41, 74, 61, 30, 20, 64, 49, 88]
[ 71, 44, 27, 65, 60, 24, 62,  1, 12,100, 16, 34,109,107, 11, 43, 87,  3, 72, 80, 77, 35, 17,103, 71, 44, 27, 65, 60, 24, 62,  1]
[ 52, 23, 51, 93, 94, 53,  6, 81,101, 67, 37, 69, 36,  7, 97, 92,101, 67, 37, 69, 36,  7, 97, 92, 52, 23, 51, 93, 94, 53,  6, 81]
[ 76, 82, 90,116,  5, 79, 86,110,  4, 29, 21, 48, 19, 47, 68, 40,  4, 29, 21, 48, 19, 47, 68, 40, 76, 82, 90,116,  5, 79, 86,110]
[105,111, 75, 56, 50, 89, 42,  2, 33, 78,102, 14, 98, 15, 32, 18, 33, 78,102, 14, 98, 15, 32, 18,105,111, 75, 56, 50, 89, 42,  2]
[109,107, 11, 43, 87,  3, 72, 80, 77, 35, 17,103, 12,100, 16, 34, 77, 35, 17,103, 12,100, 16, 34,109,107, 11, 43, 87,  3, 72, 80]
