[d, p, q] = [32, 1, 31]
900,0,124
Degree Spatial distribution
[2, 2, 2, 2, 2, 2, 2, 2, 2, 2, 2, 2, 2, 2, 2, 2, 2, 2, 2, 2, 2, 2, 2, 2, 2, 2, 2, 2, 2, 2, 2, 2]
[2, 0, 0, 0, 0, 0, 0, 0, 0, 0, 0, 0, 0, 0, 0, 0, 0, 0, 0, 0, 0, 0, 0, 0, 0, 0, 0, 0, 0, 0, 0, 2]
[2, 0, 0, 0, 0, 0, 0, 0, 0, 0, 0, 0, 0, 0, 0, 0, 0, 0, 0, 0, 0, 0, 0, 0, 0, 0, 0, 0, 0, 0, 0, 2]
[2, 0, 0, 0, 0, 0, 0, 0, 0, 0, 0, 0, 0, 0, 0, 0, 0, 0, 0, 0, 0, 0, 0, 0, 0, 0, 0, 0, 0, 0, 0, 2]
[2, 0, 0, 0, 0, 0, 0, 0, 0, 0, 0, 0, 0, 0, 0, 0, 0, 0, 0, 0, 0, 0, 0, 0, 0, 0, 0, 0, 0, 0, 0, 2]
[2, 0, 0, 0, 0, 0, 0, 0, 0, 0, 0, 0, 0, 0, 0, 0, 0, 0, 0, 0, 0, 0, 0, 0, 0, 0, 0, 0, 0, 0, 0, 2]
[2, 0, 0, 0, 0, 0, 0, 0, 0, 0, 0, 0, 0, 0, 0, 0, 0, 0, 0, 0, 0, 0, 0, 0, 0, 0, 0, 0, 0, 0, 0, 2]
[2, 0, 0, 0, 0, 0, 0, 0, 0, 0, 0, 0, 0, 0, 0, 0, 0, 0, 0, 0, 0, 0, 0, 0, 0, 0, 0, 0, 0, 0, 0, 2]
[2, 0, 0, 0, 0, 0, 0, 0, 0, 0, 0, 0, 0, 0, 0, 0, 0, 0, 0, 0, 0, 0, 0, 0, 0, 0, 0, 0, 0, 0, 0, 2]
[2, 0, 0, 0, 0, 0, 0, 0, 0, 0, 0, 0, 0, 0, 0, 0, 0, 0, 0, 0, 0, 0, 0, 0, 0, 0, 0, 0, 0, 0, 0, 2]
[2, 0, 0, 0, 0, 0, 0, 0, 0, 0, 0, 0, 0, 0, 0, 0, 0, 0, 0, 0, 0, 0, 0, 0, 0, 0, 0, 0, 0, 0, 0, 2]
[2, 0, 0, 0, 0, 0, 0, 0, 0, 0, 0, 0, 0, 0, 0, 0, 0, 0, 0, 0, 0, 0, 0, 0, 0, 0, 0, 0, 0, 0, 0, 2]
[2, 0, 0, 0, 0, 0, 0, 0, 0, 0, 0, 0, 0, 0, 0, 0, 0, 0, 0, 0, 0, 0, 0, 0, 0, 0, 0, 0, 0, 0, 0, 2]
[2, 0, 0, 0, 0, 0, 0, 0, 0, 0, 0, 0, 0, 0, 0, 0, 0, 0, 0, 0, 0, 0, 0, 0, 0, 0, 0, 0, 0, 0, 0, 2]
[2, 0, 0, 0, 0, 0, 0, 0, 0, 0, 0, 0, 0, 0, 0, 0, 0, 0, 0, 0, 0, 0, 0, 0, 0, 0, 0, 0, 0, 0, 0, 2]
[2, 0, 0, 0, 0, 0, 0, 0, 0, 0, 0, 0, 0, 0, 0, 0, 0, 0, 0, 0, 0, 0, 0, 0, 0, 0, 0, 0, 0, 0, 0, 2]
[2, 0, 0, 0, 0, 0, 0, 0, 0, 0, 0, 0, 0, 0, 0, 0, 0, 0, 0, 0, 0, 0, 0, 0, 0, 0, 0, 0, 0, 0, 0, 2]
[2, 0, 0, 0, 0, 0, 0, 0, 0, 0, 0, 0, 0, 0, 0, 0, 0, 0, 0, 0, 0, 0, 0, 0, 0, 0, 0, 0, 0, 0, 0, 2]
[2, 0, 0, 0, 0, 0, 0, 0, 0, 0, 0, 0, 0, 0, 0, 0, 0, 0, 0, 0, 0, 0, 0, 0, 0, 0, 0, 0, 0, 0, 0, 2]
[2, 0, 0, 0, 0, 0, 0, 0, 0, 0, 0, 0, 0, 0, 0, 0, 0, 0, 0, 0, 0, 0, 0, 0, 0, 0, 0, 0, 0, 0, 0, 2]
[2, 0, 0, 0, 0, 0, 0, 0, 0, 0, 0, 0, 0, 0, 0, 0, 0, 0, 0, 0, 0, 0, 0, 0, 0, 0, 0, 0, 0, 0, 0, 2]
[2, 0, 0, 0, 0, 0, 0, 0, 0, 0, 0, 0, 0, 0, 0, 0, 0, 0, 0, 0, 0, 0, 0, 0, 0, 0, 0, 0, 0, 0, 0, 2]
[2, 0, 0, 0, 0, 0, 0, 0, 0, 0, 0, 0, 0, 0, 0, 0, 0, 0, 0, 0, 0, 0, 0, 0, 0, 0, 0, 0, 0, 0, 0, 2]
[2, 0, 0, 0, 0, 0, 0, 0, 0, 0, 0, 0, 0, 0, 0, 0, 0, 0, 0, 0, 0, 0, 0, 0, 0, 0, 0, 0, 0, 0, 0, 2]
[2, 0, 0, 0, 0, 0, 0, 0, 0, 0, 0, 0, 0, 0, 0, 0, 0, 0, 0, 0, 0, 0, 0, 0, 0, 0, 0, 0, 0, 0, 0, 2]
[2, 0, 0, 0, 0, 0, 0, 0, 0, 0, 0, 0, 0, 0, 0, 0, 0, 0, 0, 0, 0, 0, 0, 0, 0, 0, 0, 0, 0, 0, 0, 2]
[2, 0, 0, 0, 0, 0, 0, 0, 0, 0, 0, 0, 0, 0, 0, 0, 0, 0, 0, 0, 0, 0, 0, 0, 0, 0, 0, 0, 0, 0, 0, 2]
[2, 0, 0, 0, 0, 0, 0, 0, 0, 0, 0, 0, 0, 0, 0, 0, 0, 0, 0, 0, 0, 0, 0, 0, 0, 0, 0, 0, 0, 0, 0, 2]
[2, 0, 0, 0, 0, 0, 0, 0, 0, 0, 0, 0, 0, 0, 0, 0, 0, 0, 0, 0, 0, 0, 0, 0, 0, 0, 0, 0, 0, 0, 0, 2]
[2, 0, 0, 0, 0, 0, 0, 0, 0, 0, 0, 0, 0, 0, 0, 0, 0, 0, 0, 0, 0, 0, 0, 0, 0, 0, 0, 0, 0, 0, 0, 2]
[2, 0, 0, 0, 0, 0, 0, 0, 0, 0, 0, 0, 0, 0, 0, 0, 0, 0, 0, 0, 0, 0, 0, 0, 0, 0, 0, 0, 0, 0, 0, 2]
[2, 2, 2, 2, 2, 2, 2, 2, 2, 2, 2, 2, 2, 2, 2, 2, 2, 2, 2, 2, 2, 2, 2, 2, 2, 2, 2, 2, 2, 2, 2, 2]
Edges: 124
Moves: 248
Max Clique Size: 2
Number of Max Cliques: 1024
Number of Connected Components: 902
Connected Components Spatial Distribution
[  3,  2,  3,  2,  3,  2,  3,  2,  3,  2,  3,  2,  3,  2,  3,  2,  3,  2,  3,  2,  3,  2,  3,  2,  3,  2,  3,  2,  3,  2,  3,  2]
[  2,486,518,278,314, 69,107,767,642,402,437,193,230,886, 21,686,561,322,358,117,150,810,844,607,483,239,276, 31, 67,730,764,  3]
[  3,862,759, 30,829,454,352,525,262,779,678,849,747,371,269,445,177,701,602,772,670,295,188,364, 98,622,519,691,592,211,108,  2]
[  2,346,381,416,452,832,868,  1,778,263,300,333,368,751,785,822,697,181,220,255,292,673,708,743,618,100,135,171,208,594,629,  3]
[  3,377,624,170,419,316,763,111,401,298,542, 87,337,233,682, 25,318,217,463,  8,259,153,605,846,236,131,382,827,174, 70,523,  2]
[  2,756,242,555, 33,695,386,495, 16,676,158,472,853,616,304,410,834,599, 79,393,775,537,223,330,753,515,896,312,694,455,138,  3]
[  3,238,488,311,557,175,628,250,538,156,404,226,476, 95,546,166,456, 76,325,146,397, 15,467, 84,374,893,243, 64,315,833,387,  2]
[  2,621,103,690,173,559,247,632,154,540, 17,609, 91,480,162,550, 72,460,840,531, 12,400, 83,469,889,378,760,450,830,317,900,  3]
[  3,451,349,449,347,244,835,736,674,573,470,160, 56,857, 55,856,391,289,184,288,183, 81,675,574,511,409,310,899,797,696,795,  2]
[  2,828,865,826,863,625,457,218,296, 48, 85,544,581,341,580,340,  5,667,704,666,703,465,297, 49,127,788,825,385,420,176,418,  3]
[  3,313,209,588,487,104,698,872,811,435,331,302,197,720,818, 94,528,147, 43,426,324,842,539,710,648,272,169,137, 34,560,658,  2]
[  2,692,728, 63,101,489,319,355,433,813,847,680,716,201,441,479,143,532,568,803,839,327,155,190,268,652,689,522,558, 36,280,  3]
[  3,725, 68,723, 66,866,213,461, 46,845,191,439,683,585,336,584,663,565,808,564,807,706, 47,299,784,685, 28,279,524,422,172,  2]
[  2,206,593,204,591,350,732,838,571,329,711,816,305, 60,852, 59,285, 40,431, 39,430,186,572,677,406,165,553,657,140,799,693,  3]
[  3,590,831,860,207,729, 73,600,187,709, 50,577,819,446,196,719,800,427,671,700, 42,570,812,436, 20,549,792,417,660,284, 32,  2]
[  2, 65,453,344,726,210,596, 77,707,189,575, 52,442,823,715,200,423,804,293,180,567, 45,434,814,545, 24,414,794,282,662,556,  3]
[  3,306,202,595,493,389,286,182,815,713,613,509,407,308,612,508,738,638,535,837,737,637,534,432,161, 58,859,755,654,554, 38,  2]
[  2,684,721, 71,109,768,801,566,438,194,231,887, 22,687,229,885,359,118,151,321,357,116,149,809,681,444,482,237,274, 29,563,  3]
[  3,164, 61,731,630,251,144,323, 51,578,477,647,547,167,475,646,875,501,398, 75,874,500,396,569,303,821,722,891,790,415,802,  2]
[  2,548,586,212,248,633,664,702,576, 53, 92,125,163,551, 90,124,498,877, 13,459,497,876, 11, 44,817,307,343,376,412,793,425,  3]
[  3,582,824,867,215,112,562,805,192, 88,338,783,128, 26,882,232,114,  9,260,216,462,360,806,152,440,339,587,129,380,277,320,  2]
[  2, 57,447,351,734,496,178,290,712,473,854,267,649,411,506,615,635,394,776,598, 78,739,429,536, 54,718,203,513,895,655,836,  3]
[  3,443,688,106,353,873,424, 41,332,850,198, 19,270,789,746,370,253,773,120,354,601,221,669,294,579,199,448,271,517,136,179,  2]
[  2,820,309,491,870,356, 37,428,848,334,717,405,786,273,367,750,769,256,640,735,219,604,291,672,195,583, 62,650,133,520,699,  3]
[  3,651,552,246,139, 35,636,533,471,366,265,858,754,653,264,159,185, 82,879,494,390,287,878,777,714,614,510,205,102,897,597,  2]
[  2,130,168,627,659,421,254, 10, 86,745,781,342,375,132,780,543,705,466,503,871,  4,665,502,261,335, 93,126,589,623,383,214,  3]
[  3,514,413,384,281,798,499,668,608,227,123, 96,890,516,122,301,326,843,742,631,527,145,741, 14,851,478,373,345,241,761,458,  2]
[  2,892, 27,762,796,283,115,148,225,610,645,481,512,894,644,679,841,328,363,110,142,530,362,399,474,855,888,724,758,245, 74,  3]
[  3, 23,275,521,765,661,  6,257,744,643,883,234,484,379,541,782,464,361,606,766,113,  7,258,504, 89,884,235,485,727,626,869,  2]
[  2,408,791,898,388,141,529,639,365,121,507,617, 99,757,157,266, 80,740,224,249,634,392,774,880,611,369,752,861,348,105,492,  3]
[  3,787,134,656,901,526,770,395,881,505,748,372,619,240,403, 18,603,222,468,902,252,771,119,641,228,749, 97,620,864,490,733,  2]
[  2,  3,  2,  3,  2,  3,  2,  3,  2,  3,  2,  3,  2,  3,  2,  3,  2,  3,  2,  3,  2,  3,  2,  3,  2,  3,  2,  3,  2,  3,  2,  3]
