[d, p, q] = [32, 11, 21]
100,0,924
Degree Spatial distribution
[2, 2, 2, 2, 2, 2, 2, 2, 2, 2, 2, 2, 2, 2, 2, 2, 2, 2, 2, 2, 2, 2, 2, 2, 2, 2, 2, 2, 2, 2, 2, 2]
[2, 2, 2, 2, 2, 2, 2, 2, 2, 2, 2, 2, 2, 2, 2, 2, 2, 2, 2, 2, 2, 2, 2, 2, 2, 2, 2, 2, 2, 2, 2, 2]
[2, 2, 2, 2, 2, 2, 2, 2, 2, 2, 2, 2, 2, 2, 2, 2, 2, 2, 2, 2, 2, 2, 2, 2, 2, 2, 2, 2, 2, 2, 2, 2]
[2, 2, 2, 2, 2, 2, 2, 2, 2, 2, 2, 2, 2, 2, 2, 2, 2, 2, 2, 2, 2, 2, 2, 2, 2, 2, 2, 2, 2, 2, 2, 2]
[2, 2, 2, 2, 2, 2, 2, 2, 2, 2, 2, 2, 2, 2, 2, 2, 2, 2, 2, 2, 2, 2, 2, 2, 2, 2, 2, 2, 2, 2, 2, 2]
[2, 2, 2, 2, 2, 2, 2, 2, 2, 2, 2, 2, 2, 2, 2, 2, 2, 2, 2, 2, 2, 2, 2, 2, 2, 2, 2, 2, 2, 2, 2, 2]
[2, 2, 2, 2, 2, 2, 2, 2, 2, 2, 2, 2, 2, 2, 2, 2, 2, 2, 2, 2, 2, 2, 2, 2, 2, 2, 2, 2, 2, 2, 2, 2]
[2, 2, 2, 2, 2, 2, 2, 2, 2, 2, 2, 2, 2, 2, 2, 2, 2, 2, 2, 2, 2, 2, 2, 2, 2, 2, 2, 2, 2, 2, 2, 2]
[2, 2, 2, 2, 2, 2, 2, 2, 2, 2, 2, 2, 2, 2, 2, 2, 2, 2, 2, 2, 2, 2, 2, 2, 2, 2, 2, 2, 2, 2, 2, 2]
[2, 2, 2, 2, 2, 2, 2, 2, 2, 2, 2, 2, 2, 2, 2, 2, 2, 2, 2, 2, 2, 2, 2, 2, 2, 2, 2, 2, 2, 2, 2, 2]
[2, 2, 2, 2, 2, 2, 2, 2, 2, 2, 2, 2, 2, 2, 2, 2, 2, 2, 2, 2, 2, 2, 2, 2, 2, 2, 2, 2, 2, 2, 2, 2]
[2, 2, 2, 2, 2, 2, 2, 2, 2, 2, 2, 0, 0, 0, 0, 0, 0, 0, 0, 0, 0, 2, 2, 2, 2, 2, 2, 2, 2, 2, 2, 2]
[2, 2, 2, 2, 2, 2, 2, 2, 2, 2, 2, 0, 0, 0, 0, 0, 0, 0, 0, 0, 0, 2, 2, 2, 2, 2, 2, 2, 2, 2, 2, 2]
[2, 2, 2, 2, 2, 2, 2, 2, 2, 2, 2, 0, 0, 0, 0, 0, 0, 0, 0, 0, 0, 2, 2, 2, 2, 2, 2, 2, 2, 2, 2, 2]
[2, 2, 2, 2, 2, 2, 2, 2, 2, 2, 2, 0, 0, 0, 0, 0, 0, 0, 0, 0, 0, 2, 2, 2, 2, 2, 2, 2, 2, 2, 2, 2]
[2, 2, 2, 2, 2, 2, 2, 2, 2, 2, 2, 0, 0, 0, 0, 0, 0, 0, 0, 0, 0, 2, 2, 2, 2, 2, 2, 2, 2, 2, 2, 2]
[2, 2, 2, 2, 2, 2, 2, 2, 2, 2, 2, 0, 0, 0, 0, 0, 0, 0, 0, 0, 0, 2, 2, 2, 2, 2, 2, 2, 2, 2, 2, 2]
[2, 2, 2, 2, 2, 2, 2, 2, 2, 2, 2, 0, 0, 0, 0, 0, 0, 0, 0, 0, 0, 2, 2, 2, 2, 2, 2, 2, 2, 2, 2, 2]
[2, 2, 2, 2, 2, 2, 2, 2, 2, 2, 2, 0, 0, 0, 0, 0, 0, 0, 0, 0, 0, 2, 2, 2, 2, 2, 2, 2, 2, 2, 2, 2]
[2, 2, 2, 2, 2, 2, 2, 2, 2, 2, 2, 0, 0, 0, 0, 0, 0, 0, 0, 0, 0, 2, 2, 2, 2, 2, 2, 2, 2, 2, 2, 2]
[2, 2, 2, 2, 2, 2, 2, 2, 2, 2, 2, 0, 0, 0, 0, 0, 0, 0, 0, 0, 0, 2, 2, 2, 2, 2, 2, 2, 2, 2, 2, 2]
[2, 2, 2, 2, 2, 2, 2, 2, 2, 2, 2, 2, 2, 2, 2, 2, 2, 2, 2, 2, 2, 2, 2, 2, 2, 2, 2, 2, 2, 2, 2, 2]
[2, 2, 2, 2, 2, 2, 2, 2, 2, 2, 2, 2, 2, 2, 2, 2, 2, 2, 2, 2, 2, 2, 2, 2, 2, 2, 2, 2, 2, 2, 2, 2]
[2, 2, 2, 2, 2, 2, 2, 2, 2, 2, 2, 2, 2, 2, 2, 2, 2, 2, 2, 2, 2, 2, 2, 2, 2, 2, 2, 2, 2, 2, 2, 2]
[2, 2, 2, 2, 2, 2, 2, 2, 2, 2, 2, 2, 2, 2, 2, 2, 2, 2, 2, 2, 2, 2, 2, 2, 2, 2, 2, 2, 2, 2, 2, 2]
[2, 2, 2, 2, 2, 2, 2, 2, 2, 2, 2, 2, 2, 2, 2, 2, 2, 2, 2, 2, 2, 2, 2, 2, 2, 2, 2, 2, 2, 2, 2, 2]
[2, 2, 2, 2, 2, 2, 2, 2, 2, 2, 2, 2, 2, 2, 2, 2, 2, 2, 2, 2, 2, 2, 2, 2, 2, 2, 2, 2, 2, 2, 2, 2]
[2, 2, 2, 2, 2, 2, 2, 2, 2, 2, 2, 2, 2, 2, 2, 2, 2, 2, 2, 2, 2, 2, 2, 2, 2, 2, 2, 2, 2, 2, 2, 2]
[2, 2, 2, 2, 2, 2, 2, 2, 2, 2, 2, 2, 2, 2, 2, 2, 2, 2, 2, 2, 2, 2, 2, 2, 2, 2, 2, 2, 2, 2, 2, 2]
[2, 2, 2, 2, 2, 2, 2, 2, 2, 2, 2, 2, 2, 2, 2, 2, 2, 2, 2, 2, 2, 2, 2, 2, 2, 2, 2, 2, 2, 2, 2, 2]
[2, 2, 2, 2, 2, 2, 2, 2, 2, 2, 2, 2, 2, 2, 2, 2, 2, 2, 2, 2, 2, 2, 2, 2, 2, 2, 2, 2, 2, 2, 2, 2]
[2, 2, 2, 2, 2, 2, 2, 2, 2, 2, 2, 2, 2, 2, 2, 2, 2, 2, 2, 2, 2, 2, 2, 2, 2, 2, 2, 2, 2, 2, 2, 2]
Edges: 924
Moves: 1848
Max Clique Size: 2
Number of Max Cliques: 1024
Number of Connected Components: 202
Connected Components Spatial Distribution
[109, 72, 54, 18,134,124,132, 37, 32, 14, 30,  7, 30,  7, 30,  7, 30,  7, 30,  7, 30,  7,109, 72, 54, 18,134,124,132, 37, 32, 14]
[ 16, 43,110, 56, 53, 25, 33, 42,135,104,  7,109, 72, 54, 18,134,124,132, 37, 32, 14, 30, 16, 43,110, 56, 53, 25, 33, 42,135,104]
[107,138, 71, 27, 92, 31, 73, 93, 75,116, 30, 16, 43,110, 56, 53, 25, 33, 42,135,104,  7,107,138, 71, 27, 92, 31, 73, 93, 75,116]
[ 65, 88,102, 17, 22, 59, 63,  1,  8, 28,  7,107,138, 71, 27, 92, 31, 73, 93, 75,116, 30, 65, 88,102, 17, 22, 59, 63,  1,  8, 28]
[ 41, 12, 90, 89, 21,130, 62, 57,108,  4, 30, 65, 88,102, 17, 22, 59, 63,  1,  8, 28,  7, 41, 12, 90, 89, 21,130, 62, 57,108,  4]
[ 69,114, 24, 82, 29,125, 61, 96, 13, 34,  7, 41, 12, 90, 89, 21,130, 62, 57,108,  4, 30, 69,114, 24, 82, 29,125, 61, 96, 13, 34]
[ 79, 20, 58, 76,120, 55,  6,122, 26,  2, 30, 69,114, 24, 82, 29,125, 61, 96, 13, 34,  7, 79, 20, 58, 76,120, 55,  6,122, 26,  2]
[ 64, 50, 74, 49,105, 94,121, 46, 98, 77,  7, 79, 20, 58, 76,120, 55,  6,122, 26,  2, 30, 64, 50, 74, 49,105, 94,121, 46, 98, 77]
[ 81, 10, 40, 99, 70,  5,139,117, 48, 68, 30, 64, 50, 74, 49,105, 94,121, 46, 98, 77,  7, 81, 10, 40, 99, 70,  5,139,117, 48, 68]
[103, 45, 85, 91, 15,  3, 87, 39, 66, 44,  7, 81, 10, 40, 99, 70,  5,139,117, 48, 68, 30,103, 45, 85, 91, 15,  3, 87, 39, 66, 44]
[ 30,  7, 30,  7, 30,  7, 30,  7, 30,  7, 30,103, 45, 85, 91, 15,  3, 87, 39, 66, 44,  7, 30,  7, 30,  7, 30,  7, 30,  7, 30,  7]
[  7,109, 72, 54, 18,134,124,132, 37, 32, 14,176,181,113,147,153, 95,159,166,187,195,109, 72, 54, 18,134,124,132, 37, 32, 14, 30]
[ 30, 16, 43,110, 56, 53, 25, 33, 42,135,104,146,177,169,133,168,174,164,190,163,189, 16, 43,110, 56, 53, 25, 33, 42,135,104,  7]
[  7,107,138, 71, 27, 92, 31, 73, 93, 75,116,191,128, 52,196, 51,126, 36,145, 35,144,107,138, 71, 27, 92, 31, 73, 93, 75,116, 30]
[ 30, 65, 88,102, 17, 22, 59, 63,  1,  8, 28,167,192,149,111,182,186,143,175,179, 38, 65, 88,102, 17, 22, 59, 63,  1,  8, 28,  7]
[  7, 41, 12, 90, 89, 21,130, 62, 57,108,  4, 47,148,193,180,112,142,188,127,106,165, 41, 12, 90, 89, 21,130, 62, 57,108,  4, 30]
[ 30, 69,114, 24, 82, 29,125, 61, 96, 13, 34,158,141,129,170,157,184,171,160,194,183, 69,114, 24, 82, 29,125, 61, 96, 13, 34,  7]
[  7, 79, 20, 58, 76,120, 55,  6,122, 26,  2,202, 19,178,118,201,137, 80, 97,131,136, 79, 20, 58, 76,120, 55,  6,122, 26,  2, 30]
[ 30, 64, 50, 74, 49,105, 94,121, 46, 98, 77,173,161,101,152,172,198,156,140, 60,197, 64, 50, 74, 49,105, 94,121, 46, 98, 77,  7]
[  7, 81, 10, 40, 99, 70,  5,139,117, 48, 68, 84,100,162, 67, 83,155,199, 11,150,154, 81, 10, 40, 99, 70,  5,139,117, 48, 68, 30]
[ 30,103, 45, 85, 91, 15,  3, 87, 39, 66, 44,185, 86, 23,200,119, 78,  9,123,115,151,103, 45, 85, 91, 15,  3, 87, 39, 66, 44,  7]
[  7, 30,  7, 30,  7, 30,  7, 30,  7, 30,  7,109, 72, 54, 18,134,124,132, 37, 32, 14, 30,  7, 30,  7, 30,  7, 30,  7, 30,  7, 30]
[109, 72, 54, 18,134,124,132, 37, 32, 14, 30, 16, 43,110, 56, 53, 25, 33, 42,135,104,  7,109, 72, 54, 18,134,124,132, 37, 32, 14]
[ 16, 43,110, 56, 53, 25, 33, 42,135,104,  7,107,138, 71, 27, 92, 31, 73, 93, 75,116, 30, 16, 43,110, 56, 53, 25, 33, 42,135,104]
[107,138, 71, 27, 92, 31, 73, 93, 75,116, 30, 65, 88,102, 17, 22, 59, 63,  1,  8, 28,  7,107,138, 71, 27, 92, 31, 73, 93, 75,116]
[ 65, 88,102, 17, 22, 59, 63,  1,  8, 28,  7, 41, 12, 90, 89, 21,130, 62, 57,108,  4, 30, 65, 88,102, 17, 22, 59, 63,  1,  8, 28]
[ 41, 12, 90, 89, 21,130, 62, 57,108,  4, 30, 69,114, 24, 82, 29,125, 61, 96, 13, 34,  7, 41, 12, 90, 89, 21,130, 62, 57,108,  4]
[ 69,114, 24, 82, 29,125, 61, 96, 13, 34,  7, 79, 20, 58, 76,120, 55,  6,122, 26,  2, 30, 69,114, 24, 82, 29,125, 61, 96, 13, 34]
[ 79, 20, 58, 76,120, 55,  6,122, 26,  2, 30, 64, 50, 74, 49,105, 94,121, 46, 98, 77,  7, 79, 20, 58, 76,120, 55,  6,122, 26,  2]
[ 64, 50, 74, 49,105, 94,121, 46, 98, 77,  7, 81, 10, 40, 99, 70,  5,139,117, 48, 68, 30, 64, 50, 74, 49,105, 94,121, 46, 98, 77]
[ 81, 10, 40, 99, 70,  5,139,117, 48, 68, 30,103, 45, 85, 91, 15,  3, 87, 39, 66, 44,  7, 81, 10, 40, 99, 70,  5,139,117, 48, 68]
[103, 45, 85, 91, 15,  3, 87, 39, 66, 44,  7, 30,  7, 30,  7, 30,  7, 30,  7, 30,  7, 30,103, 45, 85, 91, 15,  3, 87, 39, 66, 44]
