[d, p, q] = [32, 14, 18]
16,0,1008
Degree Spatial distribution
[2, 2, 2, 2, 2, 2, 2, 2, 2, 2, 2, 2, 2, 2, 2, 2, 2, 2, 2, 2, 2, 2, 2, 2, 2, 2, 2, 2, 2, 2, 2, 2]
[2, 2, 2, 2, 2, 2, 2, 2, 2, 2, 2, 2, 2, 2, 2, 2, 2, 2, 2, 2, 2, 2, 2, 2, 2, 2, 2, 2, 2, 2, 2, 2]
[2, 2, 2, 2, 2, 2, 2, 2, 2, 2, 2, 2, 2, 2, 2, 2, 2, 2, 2, 2, 2, 2, 2, 2, 2, 2, 2, 2, 2, 2, 2, 2]
[2, 2, 2, 2, 2, 2, 2, 2, 2, 2, 2, 2, 2, 2, 2, 2, 2, 2, 2, 2, 2, 2, 2, 2, 2, 2, 2, 2, 2, 2, 2, 2]
[2, 2, 2, 2, 2, 2, 2, 2, 2, 2, 2, 2, 2, 2, 2, 2, 2, 2, 2, 2, 2, 2, 2, 2, 2, 2, 2, 2, 2, 2, 2, 2]
[2, 2, 2, 2, 2, 2, 2, 2, 2, 2, 2, 2, 2, 2, 2, 2, 2, 2, 2, 2, 2, 2, 2, 2, 2, 2, 2, 2, 2, 2, 2, 2]
[2, 2, 2, 2, 2, 2, 2, 2, 2, 2, 2, 2, 2, 2, 2, 2, 2, 2, 2, 2, 2, 2, 2, 2, 2, 2, 2, 2, 2, 2, 2, 2]
[2, 2, 2, 2, 2, 2, 2, 2, 2, 2, 2, 2, 2, 2, 2, 2, 2, 2, 2, 2, 2, 2, 2, 2, 2, 2, 2, 2, 2, 2, 2, 2]
[2, 2, 2, 2, 2, 2, 2, 2, 2, 2, 2, 2, 2, 2, 2, 2, 2, 2, 2, 2, 2, 2, 2, 2, 2, 2, 2, 2, 2, 2, 2, 2]
[2, 2, 2, 2, 2, 2, 2, 2, 2, 2, 2, 2, 2, 2, 2, 2, 2, 2, 2, 2, 2, 2, 2, 2, 2, 2, 2, 2, 2, 2, 2, 2]
[2, 2, 2, 2, 2, 2, 2, 2, 2, 2, 2, 2, 2, 2, 2, 2, 2, 2, 2, 2, 2, 2, 2, 2, 2, 2, 2, 2, 2, 2, 2, 2]
[2, 2, 2, 2, 2, 2, 2, 2, 2, 2, 2, 2, 2, 2, 2, 2, 2, 2, 2, 2, 2, 2, 2, 2, 2, 2, 2, 2, 2, 2, 2, 2]
[2, 2, 2, 2, 2, 2, 2, 2, 2, 2, 2, 2, 2, 2, 2, 2, 2, 2, 2, 2, 2, 2, 2, 2, 2, 2, 2, 2, 2, 2, 2, 2]
[2, 2, 2, 2, 2, 2, 2, 2, 2, 2, 2, 2, 2, 2, 2, 2, 2, 2, 2, 2, 2, 2, 2, 2, 2, 2, 2, 2, 2, 2, 2, 2]
[2, 2, 2, 2, 2, 2, 2, 2, 2, 2, 2, 2, 2, 2, 0, 0, 0, 0, 2, 2, 2, 2, 2, 2, 2, 2, 2, 2, 2, 2, 2, 2]
[2, 2, 2, 2, 2, 2, 2, 2, 2, 2, 2, 2, 2, 2, 0, 0, 0, 0, 2, 2, 2, 2, 2, 2, 2, 2, 2, 2, 2, 2, 2, 2]
[2, 2, 2, 2, 2, 2, 2, 2, 2, 2, 2, 2, 2, 2, 0, 0, 0, 0, 2, 2, 2, 2, 2, 2, 2, 2, 2, 2, 2, 2, 2, 2]
[2, 2, 2, 2, 2, 2, 2, 2, 2, 2, 2, 2, 2, 2, 0, 0, 0, 0, 2, 2, 2, 2, 2, 2, 2, 2, 2, 2, 2, 2, 2, 2]
[2, 2, 2, 2, 2, 2, 2, 2, 2, 2, 2, 2, 2, 2, 2, 2, 2, 2, 2, 2, 2, 2, 2, 2, 2, 2, 2, 2, 2, 2, 2, 2]
[2, 2, 2, 2, 2, 2, 2, 2, 2, 2, 2, 2, 2, 2, 2, 2, 2, 2, 2, 2, 2, 2, 2, 2, 2, 2, 2, 2, 2, 2, 2, 2]
[2, 2, 2, 2, 2, 2, 2, 2, 2, 2, 2, 2, 2, 2, 2, 2, 2, 2, 2, 2, 2, 2, 2, 2, 2, 2, 2, 2, 2, 2, 2, 2]
[2, 2, 2, 2, 2, 2, 2, 2, 2, 2, 2, 2, 2, 2, 2, 2, 2, 2, 2, 2, 2, 2, 2, 2, 2, 2, 2, 2, 2, 2, 2, 2]
[2, 2, 2, 2, 2, 2, 2, 2, 2, 2, 2, 2, 2, 2, 2, 2, 2, 2, 2, 2, 2, 2, 2, 2, 2, 2, 2, 2, 2, 2, 2, 2]
[2, 2, 2, 2, 2, 2, 2, 2, 2, 2, 2, 2, 2, 2, 2, 2, 2, 2, 2, 2, 2, 2, 2, 2, 2, 2, 2, 2, 2, 2, 2, 2]
[2, 2, 2, 2, 2, 2, 2, 2, 2, 2, 2, 2, 2, 2, 2, 2, 2, 2, 2, 2, 2, 2, 2, 2, 2, 2, 2, 2, 2, 2, 2, 2]
[2, 2, 2, 2, 2, 2, 2, 2, 2, 2, 2, 2, 2, 2, 2, 2, 2, 2, 2, 2, 2, 2, 2, 2, 2, 2, 2, 2, 2, 2, 2, 2]
[2, 2, 2, 2, 2, 2, 2, 2, 2, 2, 2, 2, 2, 2, 2, 2, 2, 2, 2, 2, 2, 2, 2, 2, 2, 2, 2, 2, 2, 2, 2, 2]
[2, 2, 2, 2, 2, 2, 2, 2, 2, 2, 2, 2, 2, 2, 2, 2, 2, 2, 2, 2, 2, 2, 2, 2, 2, 2, 2, 2, 2, 2, 2, 2]
[2, 2, 2, 2, 2, 2, 2, 2, 2, 2, 2, 2, 2, 2, 2, 2, 2, 2, 2, 2, 2, 2, 2, 2, 2, 2, 2, 2, 2, 2, 2, 2]
[2, 2, 2, 2, 2, 2, 2, 2, 2, 2, 2, 2, 2, 2, 2, 2, 2, 2, 2, 2, 2, 2, 2, 2, 2, 2, 2, 2, 2, 2, 2, 2]
[2, 2, 2, 2, 2, 2, 2, 2, 2, 2, 2, 2, 2, 2, 2, 2, 2, 2, 2, 2, 2, 2, 2, 2, 2, 2, 2, 2, 2, 2, 2, 2]
[2, 2, 2, 2, 2, 2, 2, 2, 2, 2, 2, 2, 2, 2, 2, 2, 2, 2, 2, 2, 2, 2, 2, 2, 2, 2, 2, 2, 2, 2, 2, 2]
Edges: 1008
Moves: 2016
Max Clique Size: 2
Number of Max Cliques: 1024
Number of Connected Components: 72
Connected Components Spatial Distribution
[35,19,29,51,30,43, 6,45,49, 7,36,15,24,14,22, 8,24,14,22, 8,49, 7,36,15,30,43, 6,45,35,19,29,51]
[41,37,52,32,13,42,44,20,11,31,12,10,16,26,17,34,16,26,17,34,11,31,12,10,13,42,44,20,41,37,52,32]
[60,58,48, 9,38,55,47, 2,25,21,33,40,22, 8,49, 7,36,15,24,14,25,21,33,40,38,55,47, 2,60,58,48, 9]
[54,39,18,28,53, 3, 5, 1,46,27, 4,23,17,34,11,31,12,10,16,26,46,27, 4,23,53, 3, 5, 1,54,39,18,28]
[30,43, 6,45,49, 7,36,15,24,14,22, 8,24,14,25,21,33,40,22, 8,24,14,22, 8,49, 7,36,15,30,43, 6,45]
[13,42,44,20,11,31,12,10,16,26,17,34,16,26,46,27, 4,23,17,34,16,26,17,34,11,31,12,10,13,42,44,20]
[38,55,47, 2,25,21,33,40,22, 8,49, 7,36,15,30,43, 6,45,49, 7,36,15,24,14,25,21,33,40,38,55,47, 2]
[53, 3, 5, 1,46,27, 4,23,17,34,11,31,12,10,13,42,44,20,11,31,12,10,16,26,46,27, 4,23,53, 3, 5, 1]
[49, 7,36,15,24,14,22, 8,24,14,25,21,33,40,38,55,47, 2,25,21,33,40,22, 8,24,14,22, 8,49, 7,36,15]
[11,31,12,10,16,26,17,34,16,26,46,27, 4,23,53, 3, 5, 1,46,27, 4,23,17,34,16,26,17,34,11,31,12,10]
[25,21,33,40,22, 8,49, 7,36,15,30,43, 6,45,35,19,29,51,30,43, 6,45,49, 7,36,15,24,14,25,21,33,40]
[46,27, 4,23,17,34,11,31,12,10,13,42,44,20,41,37,52,32,13,42,44,20,11,31,12,10,16,26,46,27, 4,23]
[24,14,22, 8,24,14,25,21,33,40,38,55,47, 2,60,58,48, 9,38,55,47, 2,25,21,33,40,22, 8,24,14,22, 8]
[16,26,17,34,16,26,46,27, 4,23,53, 3, 5, 1,54,39,18,28,53, 3, 5, 1,46,27, 4,23,17,34,16,26,17,34]
[22, 8,49, 7,36,15,30,43, 6,45,35,19,29,51,56,68,70,63,35,19,29,51,30,43, 6,45,49, 7,36,15,24,14]
[17,34,11,31,12,10,13,42,44,20,41,37,52,32,67,57,62,71,41,37,52,32,13,42,44,20,11,31,12,10,16,26]
[24,14,25,21,33,40,38,55,47, 2,60,58,48, 9,65,64,69,66,60,58,48, 9,38,55,47, 2,25,21,33,40,22, 8]
[16,26,46,27, 4,23,53, 3, 5, 1,54,39,18,28,59,72,61,50,54,39,18,28,53, 3, 5, 1,46,27, 4,23,17,34]
[22, 8,24,14,22, 8,49, 7,36,15,30,43, 6,45,35,19,29,51,30,43, 6,45,49, 7,36,15,24,14,22, 8,24,14]
[17,34,16,26,17,34,11,31,12,10,13,42,44,20,41,37,52,32,13,42,44,20,11,31,12,10,16,26,17,34,16,26]
[49, 7,36,15,24,14,25,21,33,40,38,55,47, 2,60,58,48, 9,38,55,47, 2,25,21,33,40,22, 8,49, 7,36,15]
[11,31,12,10,16,26,46,27, 4,23,53, 3, 5, 1,54,39,18,28,53, 3, 5, 1,46,27, 4,23,17,34,11,31,12,10]
[25,21,33,40,22, 8,24,14,22, 8,49, 7,36,15,30,43, 6,45,49, 7,36,15,24,14,22, 8,24,14,25,21,33,40]
[46,27, 4,23,17,34,16,26,17,34,11,31,12,10,13,42,44,20,11,31,12,10,16,26,17,34,16,26,46,27, 4,23]
[30,43, 6,45,49, 7,36,15,24,14,25,21,33,40,38,55,47, 2,25,21,33,40,22, 8,49, 7,36,15,30,43, 6,45]
[13,42,44,20,11,31,12,10,16,26,46,27, 4,23,53, 3, 5, 1,46,27, 4,23,17,34,11,31,12,10,13,42,44,20]
[38,55,47, 2,25,21,33,40,22, 8,24,14,22, 8,49, 7,36,15,24,14,22, 8,24,14,25,21,33,40,38,55,47, 2]
[53, 3, 5, 1,46,27, 4,23,17,34,16,26,17,34,11,31,12,10,16,26,17,34,16,26,46,27, 4,23,53, 3, 5, 1]
[35,19,29,51,30,43, 6,45,49, 7,36,15,24,14,25,21,33,40,22, 8,49, 7,36,15,30,43, 6,45,35,19,29,51]
[41,37,52,32,13,42,44,20,11,31,12,10,16,26,46,27, 4,23,17,34,11,31,12,10,13,42,44,20,41,37,52,32]
[60,58,48, 9,38,55,47, 2,25,21,33,40,22, 8,24,14,22, 8,24,14,25,21,33,40,38,55,47, 2,60,58,48, 9]
[54,39,18,28,53, 3, 5, 1,46,27, 4,23,17,34,16,26,17,34,16,26,46,27, 4,23,53, 3, 5, 1,54,39,18,28]
