[d, p, q] = [32, 10, 22]
144,0,880
Degree Spatial distribution
[2, 2, 2, 2, 2, 2, 2, 2, 2, 2, 2, 2, 2, 2, 2, 2, 2, 2, 2, 2, 2, 2, 2, 2, 2, 2, 2, 2, 2, 2, 2, 2]
[2, 2, 2, 2, 2, 2, 2, 2, 2, 2, 2, 2, 2, 2, 2, 2, 2, 2, 2, 2, 2, 2, 2, 2, 2, 2, 2, 2, 2, 2, 2, 2]
[2, 2, 2, 2, 2, 2, 2, 2, 2, 2, 2, 2, 2, 2, 2, 2, 2, 2, 2, 2, 2, 2, 2, 2, 2, 2, 2, 2, 2, 2, 2, 2]
[2, 2, 2, 2, 2, 2, 2, 2, 2, 2, 2, 2, 2, 2, 2, 2, 2, 2, 2, 2, 2, 2, 2, 2, 2, 2, 2, 2, 2, 2, 2, 2]
[2, 2, 2, 2, 2, 2, 2, 2, 2, 2, 2, 2, 2, 2, 2, 2, 2, 2, 2, 2, 2, 2, 2, 2, 2, 2, 2, 2, 2, 2, 2, 2]
[2, 2, 2, 2, 2, 2, 2, 2, 2, 2, 2, 2, 2, 2, 2, 2, 2, 2, 2, 2, 2, 2, 2, 2, 2, 2, 2, 2, 2, 2, 2, 2]
[2, 2, 2, 2, 2, 2, 2, 2, 2, 2, 2, 2, 2, 2, 2, 2, 2, 2, 2, 2, 2, 2, 2, 2, 2, 2, 2, 2, 2, 2, 2, 2]
[2, 2, 2, 2, 2, 2, 2, 2, 2, 2, 2, 2, 2, 2, 2, 2, 2, 2, 2, 2, 2, 2, 2, 2, 2, 2, 2, 2, 2, 2, 2, 2]
[2, 2, 2, 2, 2, 2, 2, 2, 2, 2, 2, 2, 2, 2, 2, 2, 2, 2, 2, 2, 2, 2, 2, 2, 2, 2, 2, 2, 2, 2, 2, 2]
[2, 2, 2, 2, 2, 2, 2, 2, 2, 2, 2, 2, 2, 2, 2, 2, 2, 2, 2, 2, 2, 2, 2, 2, 2, 2, 2, 2, 2, 2, 2, 2]
[2, 2, 2, 2, 2, 2, 2, 2, 2, 2, 0, 0, 0, 0, 0, 0, 0, 0, 0, 0, 0, 0, 2, 2, 2, 2, 2, 2, 2, 2, 2, 2]
[2, 2, 2, 2, 2, 2, 2, 2, 2, 2, 0, 0, 0, 0, 0, 0, 0, 0, 0, 0, 0, 0, 2, 2, 2, 2, 2, 2, 2, 2, 2, 2]
[2, 2, 2, 2, 2, 2, 2, 2, 2, 2, 0, 0, 0, 0, 0, 0, 0, 0, 0, 0, 0, 0, 2, 2, 2, 2, 2, 2, 2, 2, 2, 2]
[2, 2, 2, 2, 2, 2, 2, 2, 2, 2, 0, 0, 0, 0, 0, 0, 0, 0, 0, 0, 0, 0, 2, 2, 2, 2, 2, 2, 2, 2, 2, 2]
[2, 2, 2, 2, 2, 2, 2, 2, 2, 2, 0, 0, 0, 0, 0, 0, 0, 0, 0, 0, 0, 0, 2, 2, 2, 2, 2, 2, 2, 2, 2, 2]
[2, 2, 2, 2, 2, 2, 2, 2, 2, 2, 0, 0, 0, 0, 0, 0, 0, 0, 0, 0, 0, 0, 2, 2, 2, 2, 2, 2, 2, 2, 2, 2]
[2, 2, 2, 2, 2, 2, 2, 2, 2, 2, 0, 0, 0, 0, 0, 0, 0, 0, 0, 0, 0, 0, 2, 2, 2, 2, 2, 2, 2, 2, 2, 2]
[2, 2, 2, 2, 2, 2, 2, 2, 2, 2, 0, 0, 0, 0, 0, 0, 0, 0, 0, 0, 0, 0, 2, 2, 2, 2, 2, 2, 2, 2, 2, 2]
[2, 2, 2, 2, 2, 2, 2, 2, 2, 2, 0, 0, 0, 0, 0, 0, 0, 0, 0, 0, 0, 0, 2, 2, 2, 2, 2, 2, 2, 2, 2, 2]
[2, 2, 2, 2, 2, 2, 2, 2, 2, 2, 0, 0, 0, 0, 0, 0, 0, 0, 0, 0, 0, 0, 2, 2, 2, 2, 2, 2, 2, 2, 2, 2]
[2, 2, 2, 2, 2, 2, 2, 2, 2, 2, 0, 0, 0, 0, 0, 0, 0, 0, 0, 0, 0, 0, 2, 2, 2, 2, 2, 2, 2, 2, 2, 2]
[2, 2, 2, 2, 2, 2, 2, 2, 2, 2, 0, 0, 0, 0, 0, 0, 0, 0, 0, 0, 0, 0, 2, 2, 2, 2, 2, 2, 2, 2, 2, 2]
[2, 2, 2, 2, 2, 2, 2, 2, 2, 2, 2, 2, 2, 2, 2, 2, 2, 2, 2, 2, 2, 2, 2, 2, 2, 2, 2, 2, 2, 2, 2, 2]
[2, 2, 2, 2, 2, 2, 2, 2, 2, 2, 2, 2, 2, 2, 2, 2, 2, 2, 2, 2, 2, 2, 2, 2, 2, 2, 2, 2, 2, 2, 2, 2]
[2, 2, 2, 2, 2, 2, 2, 2, 2, 2, 2, 2, 2, 2, 2, 2, 2, 2, 2, 2, 2, 2, 2, 2, 2, 2, 2, 2, 2, 2, 2, 2]
[2, 2, 2, 2, 2, 2, 2, 2, 2, 2, 2, 2, 2, 2, 2, 2, 2, 2, 2, 2, 2, 2, 2, 2, 2, 2, 2, 2, 2, 2, 2, 2]
[2, 2, 2, 2, 2, 2, 2, 2, 2, 2, 2, 2, 2, 2, 2, 2, 2, 2, 2, 2, 2, 2, 2, 2, 2, 2, 2, 2, 2, 2, 2, 2]
[2, 2, 2, 2, 2, 2, 2, 2, 2, 2, 2, 2, 2, 2, 2, 2, 2, 2, 2, 2, 2, 2, 2, 2, 2, 2, 2, 2, 2, 2, 2, 2]
[2, 2, 2, 2, 2, 2, 2, 2, 2, 2, 2, 2, 2, 2, 2, 2, 2, 2, 2, 2, 2, 2, 2, 2, 2, 2, 2, 2, 2, 2, 2, 2]
[2, 2, 2, 2, 2, 2, 2, 2, 2, 2, 2, 2, 2, 2, 2, 2, 2, 2, 2, 2, 2, 2, 2, 2, 2, 2, 2, 2, 2, 2, 2, 2]
[2, 2, 2, 2, 2, 2, 2, 2, 2, 2, 2, 2, 2, 2, 2, 2, 2, 2, 2, 2, 2, 2, 2, 2, 2, 2, 2, 2, 2, 2, 2, 2]
[2, 2, 2, 2, 2, 2, 2, 2, 2, 2, 2, 2, 2, 2, 2, 2, 2, 2, 2, 2, 2, 2, 2, 2, 2, 2, 2, 2, 2, 2, 2, 2]
Edges: 880
Moves: 1760
Max Clique Size: 2
Number of Max Cliques: 1024
Number of Connected Components: 216
Connected Components Spatial Distribution
[ 41,  2, 28, 12, 41,  2, 28, 12, 41,  2, 28, 12, 96, 25, 23, 86, 31, 36, 92, 79, 41,  2, 28, 12, 41,  2, 28, 12, 41,  2, 28, 12]
[  4, 39,  9,  3,  4, 39,  9,  3,  4, 39,  9,  3,106, 77, 18, 66, 32,  1, 78, 70,  4, 39,  9,  3,  4, 39,  9,  3,  4, 39,  9,  3]
[ 28, 12, 96, 25, 23, 86, 31, 36, 92, 79, 41,  2, 17, 91, 72, 30, 93, 67, 26, 50, 28, 12, 96, 25, 23, 86, 31, 36, 92, 79, 41,  2]
[  9,  3,106, 77, 18, 66, 32,  1, 78, 70,  4, 39, 90, 20, 27, 63, 75,  8, 13, 29,  9,  3,106, 77, 18, 66, 32,  1, 78, 70,  4, 39]
[ 41,  2, 17, 91, 72, 30, 93, 67, 26, 50, 28, 12, 87, 11,102, 21,109, 49, 33,  6, 41,  2, 17, 91, 72, 30, 93, 67, 26, 50, 28, 12]
[  4, 39, 90, 20, 27, 63, 75,  8, 13, 29,  9,  3, 16,130, 85, 51, 58, 24, 57,110,  4, 39, 90, 20, 27, 63, 75,  8, 13, 29,  9,  3]
[ 28, 12, 87, 11,102, 21,109, 49, 33,  6, 41,  2,111, 65, 48, 15,  5, 54, 82, 55, 28, 12, 87, 11,102, 21,109, 49, 33,  6, 41,  2]
[  9,  3, 16,130, 85, 51, 58, 24, 57,110,  4, 39, 61, 43, 14, 80, 52,104, 59, 42,  9,  3, 16,130, 85, 51, 58, 24, 57,110,  4, 39]
[ 41,  2,111, 65, 48, 15,  5, 54, 82, 55, 28, 12, 41,  2, 28, 12, 41,  2, 28, 12, 41,  2,111, 65, 48, 15,  5, 54, 82, 55, 28, 12]
[  4, 39, 61, 43, 14, 80, 52,104, 59, 42,  9,  3,  4, 39,  9,  3,  4, 39,  9,  3,  4, 39, 61, 43, 14, 80, 52,104, 59, 42,  9,  3]
[ 28, 12, 41,  2, 28, 12, 41,  2, 28, 12,122,116, 99,189,201, 64,154, 83, 38,134,120,206, 41,  2, 28, 12, 41,  2, 28, 12, 41,  2]
[  9,  3,  4, 39,  9,  3,  4, 39,  9,  3,207,180,187,101,139,146, 81,155,162,196,205,121,  4, 39,  9,  3,  4, 39,  9,  3,  4, 39]
[ 96, 25, 23, 86, 31, 36, 92, 79, 41,  2, 97,138,181,167,123,166,178,160,199,159,198,184, 28, 12, 96, 25, 23, 86, 31, 36, 92, 79]
[106, 77, 18, 66, 32,  1, 78, 70,  4, 39,185,200,117, 47,208, 46,114, 35,137, 34,136, 95,  9,  3,106, 77, 18, 66, 32,  1, 78, 70]
[ 17, 91, 72, 30, 93, 67, 26, 50, 28, 12, 44,165,202,141, 98,188,195,135,179,183, 37,163, 41,  2, 17, 91, 72, 30, 93, 67, 26, 50]
[ 90, 20, 27, 63, 75,  8, 13, 29,  9,  3,164, 45,140,203,186,100,133,197,115, 94,161, 40,  4, 39, 90, 20, 27, 63, 75,  8, 13, 29]
[ 87, 11,102, 21,109, 49, 33,  6, 41,  2,170,153,131,118,169,152,191,174,156,204,190,173, 28, 12, 87, 11,102, 21,109, 49, 33,  6]
[ 16,130, 85, 51, 58, 24, 57,110,  4, 39,107,216, 19,182,105,215,126, 71, 84,119,125, 69,  9,  3, 16,130, 85, 51, 58, 24, 57,110]
[111, 65, 48, 15,  5, 54, 82, 55, 28, 12,145,176,157, 89,144,175,211,150,129, 53,210,149, 41,  2,111, 65, 48, 15,  5, 54, 82, 55]
[ 61, 43, 14, 80, 52,104, 59, 42,  9,  3, 62, 74, 88,158, 60, 73,148,213, 10,142,147,212,  4, 39, 61, 43, 14, 80, 52,104, 59, 42]
[ 41,  2, 28, 12, 41,  2, 28, 12, 41,  2,124,194, 76, 22,214,108, 68,  7,112,103,143,127, 28, 12, 41,  2, 28, 12, 41,  2, 28, 12]
[  4, 39,  9,  3,  4, 39,  9,  3,  4, 39,209,113,177,132,151,171,172,128,193,168, 56,192,  9,  3,  4, 39,  9,  3,  4, 39,  9,  3]
[ 28, 12, 96, 25, 23, 86, 31, 36, 92, 79, 41,  2, 28, 12, 41,  2, 28, 12, 41,  2, 28, 12, 96, 25, 23, 86, 31, 36, 92, 79, 41,  2]
[  9,  3,106, 77, 18, 66, 32,  1, 78, 70,  4, 39,  9,  3,  4, 39,  9,  3,  4, 39,  9,  3,106, 77, 18, 66, 32,  1, 78, 70,  4, 39]
[ 41,  2, 17, 91, 72, 30, 93, 67, 26, 50, 28, 12, 96, 25, 23, 86, 31, 36, 92, 79, 41,  2, 17, 91, 72, 30, 93, 67, 26, 50, 28, 12]
[  4, 39, 90, 20, 27, 63, 75,  8, 13, 29,  9,  3,106, 77, 18, 66, 32,  1, 78, 70,  4, 39, 90, 20, 27, 63, 75,  8, 13, 29,  9,  3]
[ 28, 12, 87, 11,102, 21,109, 49, 33,  6, 41,  2, 17, 91, 72, 30, 93, 67, 26, 50, 28, 12, 87, 11,102, 21,109, 49, 33,  6, 41,  2]
[  9,  3, 16,130, 85, 51, 58, 24, 57,110,  4, 39, 90, 20, 27, 63, 75,  8, 13, 29,  9,  3, 16,130, 85, 51, 58, 24, 57,110,  4, 39]
[ 41,  2,111, 65, 48, 15,  5, 54, 82, 55, 28, 12, 87, 11,102, 21,109, 49, 33,  6, 41,  2,111, 65, 48, 15,  5, 54, 82, 55, 28, 12]
[  4, 39, 61, 43, 14, 80, 52,104, 59, 42,  9,  3, 16,130, 85, 51, 58, 24, 57,110,  4, 39, 61, 43, 14, 80, 52,104, 59, 42,  9,  3]
[ 28, 12, 41,  2, 28, 12, 41,  2, 28, 12, 41,  2,111, 65, 48, 15,  5, 54, 82, 55, 28, 12, 41,  2, 28, 12, 41,  2, 28, 12, 41,  2]
[  9,  3,  4, 39,  9,  3,  4, 39,  9,  3,  4, 39, 61, 43, 14, 80, 52,104, 59, 42,  9,  3,  4, 39,  9,  3,  4, 39,  9,  3,  4, 39]
