[d, p, q] = [32, 2, 30]
784,0,240
Degree Spatial distribution
[2, 2, 2, 2, 2, 2, 2, 2, 2, 2, 2, 2, 2, 2, 2, 2, 2, 2, 2, 2, 2, 2, 2, 2, 2, 2, 2, 2, 2, 2, 2, 2]
[2, 2, 2, 2, 2, 2, 2, 2, 2, 2, 2, 2, 2, 2, 2, 2, 2, 2, 2, 2, 2, 2, 2, 2, 2, 2, 2, 2, 2, 2, 2, 2]
[2, 2, 0, 0, 0, 0, 0, 0, 0, 0, 0, 0, 0, 0, 0, 0, 0, 0, 0, 0, 0, 0, 0, 0, 0, 0, 0, 0, 0, 0, 2, 2]
[2, 2, 0, 0, 0, 0, 0, 0, 0, 0, 0, 0, 0, 0, 0, 0, 0, 0, 0, 0, 0, 0, 0, 0, 0, 0, 0, 0, 0, 0, 2, 2]
[2, 2, 0, 0, 0, 0, 0, 0, 0, 0, 0, 0, 0, 0, 0, 0, 0, 0, 0, 0, 0, 0, 0, 0, 0, 0, 0, 0, 0, 0, 2, 2]
[2, 2, 0, 0, 0, 0, 0, 0, 0, 0, 0, 0, 0, 0, 0, 0, 0, 0, 0, 0, 0, 0, 0, 0, 0, 0, 0, 0, 0, 0, 2, 2]
[2, 2, 0, 0, 0, 0, 0, 0, 0, 0, 0, 0, 0, 0, 0, 0, 0, 0, 0, 0, 0, 0, 0, 0, 0, 0, 0, 0, 0, 0, 2, 2]
[2, 2, 0, 0, 0, 0, 0, 0, 0, 0, 0, 0, 0, 0, 0, 0, 0, 0, 0, 0, 0, 0, 0, 0, 0, 0, 0, 0, 0, 0, 2, 2]
[2, 2, 0, 0, 0, 0, 0, 0, 0, 0, 0, 0, 0, 0, 0, 0, 0, 0, 0, 0, 0, 0, 0, 0, 0, 0, 0, 0, 0, 0, 2, 2]
[2, 2, 0, 0, 0, 0, 0, 0, 0, 0, 0, 0, 0, 0, 0, 0, 0, 0, 0, 0, 0, 0, 0, 0, 0, 0, 0, 0, 0, 0, 2, 2]
[2, 2, 0, 0, 0, 0, 0, 0, 0, 0, 0, 0, 0, 0, 0, 0, 0, 0, 0, 0, 0, 0, 0, 0, 0, 0, 0, 0, 0, 0, 2, 2]
[2, 2, 0, 0, 0, 0, 0, 0, 0, 0, 0, 0, 0, 0, 0, 0, 0, 0, 0, 0, 0, 0, 0, 0, 0, 0, 0, 0, 0, 0, 2, 2]
[2, 2, 0, 0, 0, 0, 0, 0, 0, 0, 0, 0, 0, 0, 0, 0, 0, 0, 0, 0, 0, 0, 0, 0, 0, 0, 0, 0, 0, 0, 2, 2]
[2, 2, 0, 0, 0, 0, 0, 0, 0, 0, 0, 0, 0, 0, 0, 0, 0, 0, 0, 0, 0, 0, 0, 0, 0, 0, 0, 0, 0, 0, 2, 2]
[2, 2, 0, 0, 0, 0, 0, 0, 0, 0, 0, 0, 0, 0, 0, 0, 0, 0, 0, 0, 0, 0, 0, 0, 0, 0, 0, 0, 0, 0, 2, 2]
[2, 2, 0, 0, 0, 0, 0, 0, 0, 0, 0, 0, 0, 0, 0, 0, 0, 0, 0, 0, 0, 0, 0, 0, 0, 0, 0, 0, 0, 0, 2, 2]
[2, 2, 0, 0, 0, 0, 0, 0, 0, 0, 0, 0, 0, 0, 0, 0, 0, 0, 0, 0, 0, 0, 0, 0, 0, 0, 0, 0, 0, 0, 2, 2]
[2, 2, 0, 0, 0, 0, 0, 0, 0, 0, 0, 0, 0, 0, 0, 0, 0, 0, 0, 0, 0, 0, 0, 0, 0, 0, 0, 0, 0, 0, 2, 2]
[2, 2, 0, 0, 0, 0, 0, 0, 0, 0, 0, 0, 0, 0, 0, 0, 0, 0, 0, 0, 0, 0, 0, 0, 0, 0, 0, 0, 0, 0, 2, 2]
[2, 2, 0, 0, 0, 0, 0, 0, 0, 0, 0, 0, 0, 0, 0, 0, 0, 0, 0, 0, 0, 0, 0, 0, 0, 0, 0, 0, 0, 0, 2, 2]
[2, 2, 0, 0, 0, 0, 0, 0, 0, 0, 0, 0, 0, 0, 0, 0, 0, 0, 0, 0, 0, 0, 0, 0, 0, 0, 0, 0, 0, 0, 2, 2]
[2, 2, 0, 0, 0, 0, 0, 0, 0, 0, 0, 0, 0, 0, 0, 0, 0, 0, 0, 0, 0, 0, 0, 0, 0, 0, 0, 0, 0, 0, 2, 2]
[2, 2, 0, 0, 0, 0, 0, 0, 0, 0, 0, 0, 0, 0, 0, 0, 0, 0, 0, 0, 0, 0, 0, 0, 0, 0, 0, 0, 0, 0, 2, 2]
[2, 2, 0, 0, 0, 0, 0, 0, 0, 0, 0, 0, 0, 0, 0, 0, 0, 0, 0, 0, 0, 0, 0, 0, 0, 0, 0, 0, 0, 0, 2, 2]
[2, 2, 0, 0, 0, 0, 0, 0, 0, 0, 0, 0, 0, 0, 0, 0, 0, 0, 0, 0, 0, 0, 0, 0, 0, 0, 0, 0, 0, 0, 2, 2]
[2, 2, 0, 0, 0, 0, 0, 0, 0, 0, 0, 0, 0, 0, 0, 0, 0, 0, 0, 0, 0, 0, 0, 0, 0, 0, 0, 0, 0, 0, 2, 2]
[2, 2, 0, 0, 0, 0, 0, 0, 0, 0, 0, 0, 0, 0, 0, 0, 0, 0, 0, 0, 0, 0, 0, 0, 0, 0, 0, 0, 0, 0, 2, 2]
[2, 2, 0, 0, 0, 0, 0, 0, 0, 0, 0, 0, 0, 0, 0, 0, 0, 0, 0, 0, 0, 0, 0, 0, 0, 0, 0, 0, 0, 0, 2, 2]
[2, 2, 0, 0, 0, 0, 0, 0, 0, 0, 0, 0, 0, 0, 0, 0, 0, 0, 0, 0, 0, 0, 0, 0, 0, 0, 0, 0, 0, 0, 2, 2]
[2, 2, 0, 0, 0, 0, 0, 0, 0, 0, 0, 0, 0, 0, 0, 0, 0, 0, 0, 0, 0, 0, 0, 0, 0, 0, 0, 0, 0, 0, 2, 2]
[2, 2, 2, 2, 2, 2, 2, 2, 2, 2, 2, 2, 2, 2, 2, 2, 2, 2, 2, 2, 2, 2, 2, 2, 2, 2, 2, 2, 2, 2, 2, 2]
[2, 2, 2, 2, 2, 2, 2, 2, 2, 2, 2, 2, 2, 2, 2, 2, 2, 2, 2, 2, 2, 2, 2, 2, 2, 2, 2, 2, 2, 2, 2, 2]
Edges: 240
Moves: 480
Max Clique Size: 2
Number of Max Cliques: 1024
Number of Connected Components: 792
Connected Components Spatial Distribution
[ 30,  2, 37,127, 30,  2, 37,127, 30,  2, 37,127, 30,  2, 37,127, 30,  2, 37,127, 30,  2, 37,127, 30,  2, 37,127, 30,  2, 37,127]
[ 17, 33, 21,  3, 17, 33, 21,  3, 17, 33, 21,  3, 17, 33, 21,  3, 17, 33, 21,  3, 17, 33, 21,  3, 17, 33, 21,  3, 17, 33, 21,  3]
[ 37,127,670, 29,730,405,316,466,235,686,600,748,661,334,242,397,161,618,535,679,592,265,171,327, 91,550,461,611,526,192, 30,  2]
[ 21,  3,342,372,403,733,765,  1,685,236,270,298,331,663,692,724,615,164,200,228,262,595,625,657,549, 93,122,156,189,528, 17, 33]
[ 30,  2,552,155,374,283,674,102,360,268,482, 81,302,210,604, 24,285,197,413,  8,232,139,537,745,213,119,343,729,158, 65, 37,127]
[ 17, 33,216,494, 31,613,347,440, 16,598,144,421,752,547,274,366,735,532, 73,353,682,477,202,295,665,458,789,281,612,406, 21,  3]
[ 37,127,435,280,495,159,556,224,478,142,361,205,425, 89,486,151,407, 70,290,133,356, 15,417, 78,336,786,217, 62,282,734, 30,  2]
[ 21,  3, 96,610,157,497,221,559,140,480, 18,540, 85,429,148,489, 67,410,740,471, 12,359, 77,418,783,339,671,402,731,284, 17, 33]
[ 30,  2,313,401,311,218,736,650,596,509,419,146, 55,756, 54,755,351,259,167,258,166, 75,597,510,455,365,279,792,702,614, 37,127]
[ 17, 33,762,728,761,553,408,198,266, 47, 79,484,517,306,516,305,  5,589,621,588,620,415,267, 48,116,694,727,346,375,160, 21,  3]
[ 37,127,190,523,434, 97,616,768,714,389,296,272,179,637,721, 88,468,134, 42,380,289,742,479,627,573,245,154,124, 32,498, 30,  2]
[ 21,  3,644, 61, 94,436,286,319,387,716,746,602,633,183,394,428,130,472,504,707,739,292,141,173,241,576,609,464,496, 35, 17, 33]
[ 30,  2, 64,640, 63,763,194,411, 45,744,174,392,605,520,301,519,585,501,712,500,711,623, 46,269,691,606, 27,250,465,377, 37,127]
[ 17, 33,527,186,525,314,647,738,507,294,628,719,275, 58,751, 57,255, 39,385, 38,384,169,508,599,363,150,492,580,126,704, 21,  3]
[ 37,127,732,759,188,645, 68,533,170,626, 49,513,722,398,178,636,705,381,593,617, 41,506,715,390, 20,488,698,373,582,254, 30,  2]
[ 21,  3,404,309,642,191,530, 71,624,172,511, 51,395,725,632,182,378,708,263,163,503, 44,388,717,485, 23,370,700,252,584, 17, 33]
[ 30,  2,184,529,438,349,256,165,718,630,544,453,364,277,543,452,652,565,475,737,651,564,474,386,147, 56,758,667,578,493, 37,127]
[ 17, 33,638, 66,100,677,706,502,391,176,208,781, 22,607,207,780,322,108,137,287,321,107,136,713,603,396,431,214,247, 28, 21,  3]
[ 37,127, 59,646,557,225,131,288, 50,514,426,572,487,152,424,571,771,446,357, 69,770,445,355,505,273,723,639,785,696,371, 30,  2]
[ 21,  3,521,193,222,560,586,619,512, 52, 86,114,149,490, 84,113,443,773, 13,409,442,772, 11, 43,720,276,308,338,368,699, 17, 33]
[ 30,  2,726,764,195,103,499,709,175, 82,303,690,117, 25,777,209,105,  9,233,196,412,323,710,138,393,304,522,118,341,249, 37,127]
[ 17, 33,399,315,648,441,162,260,629,422,753,240,574,367,450,546,562,354,683,531, 72,653,383,476, 53,635,185,457,788,579, 21,  3]
[ 37,127,608, 99,317,769,379, 40,297,749,180, 19,243,695,660,333,226,680,109,318,534,201,591,264,515,181,400,244,460,123, 30,  2]
[ 21,  3,278,437,766,320, 36,382,747,299,634,362,693,246,330,662,678,229,567,649,199,536,261,594,177,518, 60,575,121,462, 17, 33]
[ 30,  2,491,220,125, 34,563,473,420,329,238,757,666,577,237,145,168, 76,775,439,350,257,774,684,631,545,454,187, 95,790, 37,127]
[ 17, 33,153,555,581,376,227, 10, 80,659,688,307,337,120,687,483,622,416,448,767,  4,587,447,234,300, 87,115,524,551,344, 21,  3]
[ 37,127,369,345,251,703,444,590,539,206,112, 90,784,459,111,271,291,743,656,558,467,132,655, 14,750,427,335,310,215,672, 30,  2]
[ 21,  3, 26,673,701,253,106,135,204,541,570,430,456,787,569,601,741,293,326,101,129,470,325,358,423,754,782,641,669,219, 17, 33]
[ 30,  2,248,463,675,583,  6,230,658,568,778,211,432,340,481,689,414,324,538,676,104,  7,231,449, 83,779,212,433,643,554, 37,127]
[ 17, 33,697,791,348,128,469,566,328,110,451,548, 92,668,143,239, 74,654,203,223,561,352,681,776,542,332,664,760,312, 98, 21,  3]
[ 37,127, 30,  2, 37,127, 30,  2, 37,127, 30,  2, 37,127, 30,  2, 37,127, 30,  2, 37,127, 30,  2, 37,127, 30,  2, 37,127, 30,  2]
[ 21,  3, 17, 33, 21,  3, 17, 33, 21,  3, 17, 33, 21,  3, 17, 33, 21,  3, 17, 33, 21,  3, 17, 33, 21,  3, 17, 33, 21,  3, 17, 33]
