[d, p, q] = [32, 3, 29]
676,0,348
Degree Spatial distribution
[2, 2, 2, 2, 2, 2, 2, 2, 2, 2, 2, 2, 2, 2, 2, 2, 2, 2, 2, 2, 2, 2, 2, 2, 2, 2, 2, 2, 2, 2, 2, 2]
[2, 2, 2, 2, 2, 2, 2, 2, 2, 2, 2, 2, 2, 2, 2, 2, 2, 2, 2, 2, 2, 2, 2, 2, 2, 2, 2, 2, 2, 2, 2, 2]
[2, 2, 2, 2, 2, 2, 2, 2, 2, 2, 2, 2, 2, 2, 2, 2, 2, 2, 2, 2, 2, 2, 2, 2, 2, 2, 2, 2, 2, 2, 2, 2]
[2, 2, 2, 0, 0, 0, 0, 0, 0, 0, 0, 0, 0, 0, 0, 0, 0, 0, 0, 0, 0, 0, 0, 0, 0, 0, 0, 0, 0, 2, 2, 2]
[2, 2, 2, 0, 0, 0, 0, 0, 0, 0, 0, 0, 0, 0, 0, 0, 0, 0, 0, 0, 0, 0, 0, 0, 0, 0, 0, 0, 0, 2, 2, 2]
[2, 2, 2, 0, 0, 0, 0, 0, 0, 0, 0, 0, 0, 0, 0, 0, 0, 0, 0, 0, 0, 0, 0, 0, 0, 0, 0, 0, 0, 2, 2, 2]
[2, 2, 2, 0, 0, 0, 0, 0, 0, 0, 0, 0, 0, 0, 0, 0, 0, 0, 0, 0, 0, 0, 0, 0, 0, 0, 0, 0, 0, 2, 2, 2]
[2, 2, 2, 0, 0, 0, 0, 0, 0, 0, 0, 0, 0, 0, 0, 0, 0, 0, 0, 0, 0, 0, 0, 0, 0, 0, 0, 0, 0, 2, 2, 2]
[2, 2, 2, 0, 0, 0, 0, 0, 0, 0, 0, 0, 0, 0, 0, 0, 0, 0, 0, 0, 0, 0, 0, 0, 0, 0, 0, 0, 0, 2, 2, 2]
[2, 2, 2, 0, 0, 0, 0, 0, 0, 0, 0, 0, 0, 0, 0, 0, 0, 0, 0, 0, 0, 0, 0, 0, 0, 0, 0, 0, 0, 2, 2, 2]
[2, 2, 2, 0, 0, 0, 0, 0, 0, 0, 0, 0, 0, 0, 0, 0, 0, 0, 0, 0, 0, 0, 0, 0, 0, 0, 0, 0, 0, 2, 2, 2]
[2, 2, 2, 0, 0, 0, 0, 0, 0, 0, 0, 0, 0, 0, 0, 0, 0, 0, 0, 0, 0, 0, 0, 0, 0, 0, 0, 0, 0, 2, 2, 2]
[2, 2, 2, 0, 0, 0, 0, 0, 0, 0, 0, 0, 0, 0, 0, 0, 0, 0, 0, 0, 0, 0, 0, 0, 0, 0, 0, 0, 0, 2, 2, 2]
[2, 2, 2, 0, 0, 0, 0, 0, 0, 0, 0, 0, 0, 0, 0, 0, 0, 0, 0, 0, 0, 0, 0, 0, 0, 0, 0, 0, 0, 2, 2, 2]
[2, 2, 2, 0, 0, 0, 0, 0, 0, 0, 0, 0, 0, 0, 0, 0, 0, 0, 0, 0, 0, 0, 0, 0, 0, 0, 0, 0, 0, 2, 2, 2]
[2, 2, 2, 0, 0, 0, 0, 0, 0, 0, 0, 0, 0, 0, 0, 0, 0, 0, 0, 0, 0, 0, 0, 0, 0, 0, 0, 0, 0, 2, 2, 2]
[2, 2, 2, 0, 0, 0, 0, 0, 0, 0, 0, 0, 0, 0, 0, 0, 0, 0, 0, 0, 0, 0, 0, 0, 0, 0, 0, 0, 0, 2, 2, 2]
[2, 2, 2, 0, 0, 0, 0, 0, 0, 0, 0, 0, 0, 0, 0, 0, 0, 0, 0, 0, 0, 0, 0, 0, 0, 0, 0, 0, 0, 2, 2, 2]
[2, 2, 2, 0, 0, 0, 0, 0, 0, 0, 0, 0, 0, 0, 0, 0, 0, 0, 0, 0, 0, 0, 0, 0, 0, 0, 0, 0, 0, 2, 2, 2]
[2, 2, 2, 0, 0, 0, 0, 0, 0, 0, 0, 0, 0, 0, 0, 0, 0, 0, 0, 0, 0, 0, 0, 0, 0, 0, 0, 0, 0, 2, 2, 2]
[2, 2, 2, 0, 0, 0, 0, 0, 0, 0, 0, 0, 0, 0, 0, 0, 0, 0, 0, 0, 0, 0, 0, 0, 0, 0, 0, 0, 0, 2, 2, 2]
[2, 2, 2, 0, 0, 0, 0, 0, 0, 0, 0, 0, 0, 0, 0, 0, 0, 0, 0, 0, 0, 0, 0, 0, 0, 0, 0, 0, 0, 2, 2, 2]
[2, 2, 2, 0, 0, 0, 0, 0, 0, 0, 0, 0, 0, 0, 0, 0, 0, 0, 0, 0, 0, 0, 0, 0, 0, 0, 0, 0, 0, 2, 2, 2]
[2, 2, 2, 0, 0, 0, 0, 0, 0, 0, 0, 0, 0, 0, 0, 0, 0, 0, 0, 0, 0, 0, 0, 0, 0, 0, 0, 0, 0, 2, 2, 2]
[2, 2, 2, 0, 0, 0, 0, 0, 0, 0, 0, 0, 0, 0, 0, 0, 0, 0, 0, 0, 0, 0, 0, 0, 0, 0, 0, 0, 0, 2, 2, 2]
[2, 2, 2, 0, 0, 0, 0, 0, 0, 0, 0, 0, 0, 0, 0, 0, 0, 0, 0, 0, 0, 0, 0, 0, 0, 0, 0, 0, 0, 2, 2, 2]
[2, 2, 2, 0, 0, 0, 0, 0, 0, 0, 0, 0, 0, 0, 0, 0, 0, 0, 0, 0, 0, 0, 0, 0, 0, 0, 0, 0, 0, 2, 2, 2]
[2, 2, 2, 0, 0, 0, 0, 0, 0, 0, 0, 0, 0, 0, 0, 0, 0, 0, 0, 0, 0, 0, 0, 0, 0, 0, 0, 0, 0, 2, 2, 2]
[2, 2, 2, 0, 0, 0, 0, 0, 0, 0, 0, 0, 0, 0, 0, 0, 0, 0, 0, 0, 0, 0, 0, 0, 0, 0, 0, 0, 0, 2, 2, 2]
[2, 2, 2, 2, 2, 2, 2, 2, 2, 2, 2, 2, 2, 2, 2, 2, 2, 2, 2, 2, 2, 2, 2, 2, 2, 2, 2, 2, 2, 2, 2, 2]
[2, 2, 2, 2, 2, 2, 2, 2, 2, 2, 2, 2, 2, 2, 2, 2, 2, 2, 2, 2, 2, 2, 2, 2, 2, 2, 2, 2, 2, 2, 2, 2]
[2, 2, 2, 2, 2, 2, 2, 2, 2, 2, 2, 2, 2, 2, 2, 2, 2, 2, 2, 2, 2, 2, 2, 2, 2, 2, 2, 2, 2, 2, 2, 2]
Edges: 348
Moves: 696
Max Clique Size: 2
Number of Max Cliques: 1024
Number of Connected Components: 682
Connected Components Spatial Distribution
[ 27,  2,  3, 17,  3, 17, 27,  2,  3, 17,  3, 17, 27,  2,  3, 17,  3, 17, 27,  2,  3, 17,  3, 17, 27,  2,  3, 17,  3, 17, 27,  2]
[ 19, 32, 17, 27,  2,  3, 19, 32, 17, 27,  2,  3, 19, 32, 17, 27,  2,  3, 19, 32, 17, 27,  2,  3, 19, 32, 17, 27,  2,  3, 19, 32]
[  3, 17,  3, 19, 32, 17,  3, 17,  3, 19, 32, 17,  3, 17,  3, 19, 32, 17,  3, 17,  3, 19, 32, 17,  3, 17,  3, 19, 32, 17,  3, 17]
[ 17, 27,  2,321,349,630,658,  1,589,206,234,260,288,573,595,624,530,143,175,199,227,514,539,568,476, 82,108,137,166, 27,  2,  3]
[  3, 19, 32,136,323,246,580, 89,311,232,419, 72,264,184,522, 24,247,172,356,  8,203,122,466,641,187,105,297,628,139, 19, 32, 17]
[ 17,  3, 17,429, 28,529,300,382, 16,517,126,364,647,475,238,317,631,462, 65,304,586,414,177,257,574,399,681,244,528,  3, 17,  3]
[ 27,  2,  3,243,430,140,480,195,415,125,312,179,368, 80,423,133,350, 62,252,116,307, 15,360, 69,291,678,190, 56,245, 17, 27,  2]
[ 19, 32, 17,527,138,432,193,483,123,417, 18,469, 76,372,130,426, 59,353,636,408, 12,310, 68,361,675,294,578,348,629,  3, 19, 32]
[  3, 17,  3,347,273,191,632,562,515,443,362,128, 50,651, 49,650,303,224,146,223,145, 66,516,444,396,316,242,682,603, 17,  3, 17]
[ 17, 27,  2,627,655,478,351,173,230, 42, 70,421,451,268,450,267,  5,509,535,508,534,358,231, 43,102,597,626,299,324, 27,  2,  3]
[  3, 19, 32,456,377, 85,531,661,614,337,258,236,157,551,621, 79,406,117, 37,328,251,638,416,541,495,213,135,109, 29, 19, 32, 17]
[ 17,  3, 17, 55, 83,378,248,278,335,616,642,520,547,161,342,371,113,409,438,607,635,254,124,151,210,498,526,403,431,  3, 17,  3]
[ 27,  2,  3,553, 57,656,169,354, 40,640,152,340,523,454,263,453,505,435,612,434,611,537, 41,233,594,524, 26,216,404, 17, 27,  2]
[ 19, 32, 17,163,458,274,559,634,441,256,542,619,239, 53,646, 52,220, 34,333, 33,332,148,442,518,314,132,428,501,111,  3, 19, 32]
[  3, 17,  3,654,165,557, 60,463,149,540, 44,447,622,345,156,550,605,329,512,532, 36,440,615,338, 21,425,600,322,503, 17,  3, 17]
[ 17, 27,  2,271,555,167,460, 63,538,150,445, 46,343,625,546,160,326,608,228,142,437, 39,336,617,422, 23,320,601,218, 27,  2,  3]
[  3, 19, 32,459,380,301,221,144,618,544,472,394,315,241,471,393,564,488,412,633,563,487,411,334,129, 51,653,576,500, 19, 32, 17]
[ 17,  3, 17, 58, 87,583,606,436,339,154,182,673, 22,525,181,672,281, 95,120,249,280, 94,119,613,521,344,374,188,215,  3, 17,  3]
[ 27,  2,  3,558,481,196,114,250, 45,448,369,494,424,134,367,493,664,388,308, 61,663,387,306,439,237,623,552,677,599, 17, 27,  2]
[ 19, 32, 17,168,194,484,506,533,446, 47, 77,100,131,427, 75, 99,385,666, 13,352,384,665, 11, 38,620,240,270,293,319,  3, 19, 32]
[  3, 17,  3,657,170, 90,433,609,153, 73,265,593,103, 25,669,183, 92,  9,204,171,355,282,610,121,341,266,455,104,296, 17,  3, 17]
[ 17, 27,  2,275,560,383,141,225,543,365,648,209,496,318,392,474,485,305,587,461, 64,565,331,413, 48,549,162,398,680, 27,  2,  3]
[  3, 19, 32, 86,276,662,327, 35,259,644,158, 20,211,598,571,289,197,585, 96,277,464,176,511,229,449,159,346,212,401, 19, 32, 17]
[ 17,  3, 17,379,659,279, 31,330,643,261,548,313,596,214,287,572,584,200,489,561,174,465,226,513,155,452, 54,497,107,  3, 17,  3]
[ 27,  2,  3,192,110, 30,486,410,363,286,208,652,575,499,207,127,147, 67,668,381,302,222,667,588,545,473,395,164, 84, 17, 27,  2]
[ 19, 32, 17,479,502,325,198, 10, 71,570,591,269,292,106,590,420,536,359,390,660,  4,507,389,205,262, 78,101,457,477,  3, 19, 32]
[  3, 17,  3,298,217,604,386,510,468,180, 98, 81,676,400, 97,235,253,639,567,482,405,115,566, 14,645,370,290,272,189, 17,  3, 17]
[ 17, 27,  2,579,602,219, 93,118,178,470,492,373,397,679,491,519,637,255,285, 88,112,407,284,309,366,649,674,554,577, 27,  2,  3]
[  3, 19, 32,402,581,504,  6,201,569,490,670,185,375,295,418,592,357,283,467,582, 91,  7,202,391, 74,671,186,376,556, 19, 32, 17]
[ 17,  3, 17, 27,  2,  3, 17,  3, 17, 27,  2,  3, 17,  3, 17, 27,  2,  3, 17,  3, 17, 27,  2,  3, 17,  3, 17, 27,  2,  3, 17,  3]
[ 27,  2,  3, 19, 32, 17, 27,  2,  3, 19, 32, 17, 27,  2,  3, 19, 32, 17, 27,  2,  3, 19, 32, 17, 27,  2,  3, 19, 32, 17, 27,  2]
[ 19, 32, 17,  3, 17,  3, 19, 32, 17,  3, 17,  3, 19, 32, 17,  3, 17,  3, 19, 32, 17,  3, 17,  3, 19, 32, 17,  3, 17,  3, 19, 32]
