[d, p, q] = [32, 4, 28]
576,0,448
Degree Spatial distribution
[2, 2, 2, 2, 2, 2, 2, 2, 2, 2, 2, 2, 2, 2, 2, 2, 2, 2, 2, 2, 2, 2, 2, 2, 2, 2, 2, 2, 2, 2, 2, 2]
[2, 2, 2, 2, 2, 2, 2, 2, 2, 2, 2, 2, 2, 2, 2, 2, 2, 2, 2, 2, 2, 2, 2, 2, 2, 2, 2, 2, 2, 2, 2, 2]
[2, 2, 2, 2, 2, 2, 2, 2, 2, 2, 2, 2, 2, 2, 2, 2, 2, 2, 2, 2, 2, 2, 2, 2, 2, 2, 2, 2, 2, 2, 2, 2]
[2, 2, 2, 2, 2, 2, 2, 2, 2, 2, 2, 2, 2, 2, 2, 2, 2, 2, 2, 2, 2, 2, 2, 2, 2, 2, 2, 2, 2, 2, 2, 2]
[2, 2, 2, 2, 0, 0, 0, 0, 0, 0, 0, 0, 0, 0, 0, 0, 0, 0, 0, 0, 0, 0, 0, 0, 0, 0, 0, 0, 2, 2, 2, 2]
[2, 2, 2, 2, 0, 0, 0, 0, 0, 0, 0, 0, 0, 0, 0, 0, 0, 0, 0, 0, 0, 0, 0, 0, 0, 0, 0, 0, 2, 2, 2, 2]
[2, 2, 2, 2, 0, 0, 0, 0, 0, 0, 0, 0, 0, 0, 0, 0, 0, 0, 0, 0, 0, 0, 0, 0, 0, 0, 0, 0, 2, 2, 2, 2]
[2, 2, 2, 2, 0, 0, 0, 0, 0, 0, 0, 0, 0, 0, 0, 0, 0, 0, 0, 0, 0, 0, 0, 0, 0, 0, 0, 0, 2, 2, 2, 2]
[2, 2, 2, 2, 0, 0, 0, 0, 0, 0, 0, 0, 0, 0, 0, 0, 0, 0, 0, 0, 0, 0, 0, 0, 0, 0, 0, 0, 2, 2, 2, 2]
[2, 2, 2, 2, 0, 0, 0, 0, 0, 0, 0, 0, 0, 0, 0, 0, 0, 0, 0, 0, 0, 0, 0, 0, 0, 0, 0, 0, 2, 2, 2, 2]
[2, 2, 2, 2, 0, 0, 0, 0, 0, 0, 0, 0, 0, 0, 0, 0, 0, 0, 0, 0, 0, 0, 0, 0, 0, 0, 0, 0, 2, 2, 2, 2]
[2, 2, 2, 2, 0, 0, 0, 0, 0, 0, 0, 0, 0, 0, 0, 0, 0, 0, 0, 0, 0, 0, 0, 0, 0, 0, 0, 0, 2, 2, 2, 2]
[2, 2, 2, 2, 0, 0, 0, 0, 0, 0, 0, 0, 0, 0, 0, 0, 0, 0, 0, 0, 0, 0, 0, 0, 0, 0, 0, 0, 2, 2, 2, 2]
[2, 2, 2, 2, 0, 0, 0, 0, 0, 0, 0, 0, 0, 0, 0, 0, 0, 0, 0, 0, 0, 0, 0, 0, 0, 0, 0, 0, 2, 2, 2, 2]
[2, 2, 2, 2, 0, 0, 0, 0, 0, 0, 0, 0, 0, 0, 0, 0, 0, 0, 0, 0, 0, 0, 0, 0, 0, 0, 0, 0, 2, 2, 2, 2]
[2, 2, 2, 2, 0, 0, 0, 0, 0, 0, 0, 0, 0, 0, 0, 0, 0, 0, 0, 0, 0, 0, 0, 0, 0, 0, 0, 0, 2, 2, 2, 2]
[2, 2, 2, 2, 0, 0, 0, 0, 0, 0, 0, 0, 0, 0, 0, 0, 0, 0, 0, 0, 0, 0, 0, 0, 0, 0, 0, 0, 2, 2, 2, 2]
[2, 2, 2, 2, 0, 0, 0, 0, 0, 0, 0, 0, 0, 0, 0, 0, 0, 0, 0, 0, 0, 0, 0, 0, 0, 0, 0, 0, 2, 2, 2, 2]
[2, 2, 2, 2, 0, 0, 0, 0, 0, 0, 0, 0, 0, 0, 0, 0, 0, 0, 0, 0, 0, 0, 0, 0, 0, 0, 0, 0, 2, 2, 2, 2]
[2, 2, 2, 2, 0, 0, 0, 0, 0, 0, 0, 0, 0, 0, 0, 0, 0, 0, 0, 0, 0, 0, 0, 0, 0, 0, 0, 0, 2, 2, 2, 2]
[2, 2, 2, 2, 0, 0, 0, 0, 0, 0, 0, 0, 0, 0, 0, 0, 0, 0, 0, 0, 0, 0, 0, 0, 0, 0, 0, 0, 2, 2, 2, 2]
[2, 2, 2, 2, 0, 0, 0, 0, 0, 0, 0, 0, 0, 0, 0, 0, 0, 0, 0, 0, 0, 0, 0, 0, 0, 0, 0, 0, 2, 2, 2, 2]
[2, 2, 2, 2, 0, 0, 0, 0, 0, 0, 0, 0, 0, 0, 0, 0, 0, 0, 0, 0, 0, 0, 0, 0, 0, 0, 0, 0, 2, 2, 2, 2]
[2, 2, 2, 2, 0, 0, 0, 0, 0, 0, 0, 0, 0, 0, 0, 0, 0, 0, 0, 0, 0, 0, 0, 0, 0, 0, 0, 0, 2, 2, 2, 2]
[2, 2, 2, 2, 0, 0, 0, 0, 0, 0, 0, 0, 0, 0, 0, 0, 0, 0, 0, 0, 0, 0, 0, 0, 0, 0, 0, 0, 2, 2, 2, 2]
[2, 2, 2, 2, 0, 0, 0, 0, 0, 0, 0, 0, 0, 0, 0, 0, 0, 0, 0, 0, 0, 0, 0, 0, 0, 0, 0, 0, 2, 2, 2, 2]
[2, 2, 2, 2, 0, 0, 0, 0, 0, 0, 0, 0, 0, 0, 0, 0, 0, 0, 0, 0, 0, 0, 0, 0, 0, 0, 0, 0, 2, 2, 2, 2]
[2, 2, 2, 2, 0, 0, 0, 0, 0, 0, 0, 0, 0, 0, 0, 0, 0, 0, 0, 0, 0, 0, 0, 0, 0, 0, 0, 0, 2, 2, 2, 2]
[2, 2, 2, 2, 2, 2, 2, 2, 2, 2, 2, 2, 2, 2, 2, 2, 2, 2, 2, 2, 2, 2, 2, 2, 2, 2, 2, 2, 2, 2, 2, 2]
[2, 2, 2, 2, 2, 2, 2, 2, 2, 2, 2, 2, 2, 2, 2, 2, 2, 2, 2, 2, 2, 2, 2, 2, 2, 2, 2, 2, 2, 2, 2, 2]
[2, 2, 2, 2, 2, 2, 2, 2, 2, 2, 2, 2, 2, 2, 2, 2, 2, 2, 2, 2, 2, 2, 2, 2, 2, 2, 2, 2, 2, 2, 2, 2]
[2, 2, 2, 2, 2, 2, 2, 2, 2, 2, 2, 2, 2, 2, 2, 2, 2, 2, 2, 2, 2, 2, 2, 2, 2, 2, 2, 2, 2, 2, 2, 2]
Edges: 448
Moves: 896
Max Clique Size: 2
Number of Max Cliques: 1024
Number of Connected Components: 608
Connected Components Spatial Distribution
[ 37,  7,  6,178, 82, 24, 39,119, 37,  7,  6,178, 82, 24, 39,119, 37,  7,  6,178, 82, 24, 39,119, 37,  7,  6,178, 82, 24, 39,119]
[ 20, 94,117, 30, 64, 29, 22,145, 20, 94,117, 30, 64, 29, 22,145, 20, 94,117, 30, 64, 29, 22,145, 20, 94,117, 30, 64, 29, 22,145]
[ 91,115, 31,  2, 33,172, 90, 71, 91,115, 31,  2, 33,172, 90, 71, 91,115, 31,  2, 33,172, 90, 71, 91,115, 31,  2, 33,172, 90, 71]
[114,  3, 17, 34,170, 36, 67,  1,114,  3, 17, 34,170, 36, 67,  1,114,  3, 17, 34,170, 36, 67,  1,114,  3, 17, 34,170, 36, 67,  1]
[ 82, 24, 39,119,303,236,523, 97,293,225,387, 80,253,188,477, 26,237,176,333,  8,200,130,430,573,189,112,280,562, 37,  7,  6,178]
[ 64, 29, 22,145, 32,482,282,355, 16,472,134,340,579,438,230,299,563,426, 73,286,527,383,181,247,519,371,607,235, 20, 94,117, 30]
[ 33,172, 90, 71,397,146,440,195,384,133,294,183,344, 88,391,141,327, 69,242,124,289, 15,336, 77,276,605,191, 62, 91,115, 31,  2]
[170, 36, 67,  1,144,398,193,443,131,386, 18,432, 84,348,138,394, 65,330,568,377, 12,292, 76,337,602,279,522,326,114,  3, 17, 34]
[ 37,  7,  6,178,261,192,564,510,470,409,338,136, 57,583, 56,582,285,218,151,217,150, 74,471,410,368,298,234,608, 82, 24, 39,119]
[ 20, 94,117, 30,586,439,328,177,223, 49, 78,389,417,257,416,256,  5,465,487,464,486,334,224, 50,109,535,561,281, 64, 29, 22,145]
[ 91,115, 31,  2,351, 93,483,590,550,316,248,228,162,502,557, 87,375,125, 44,307,241,570,385,492,454,209,143,116, 33,172, 90, 71]
[114,  3, 17, 34, 92,352,238,265,314,552,574,475,498,166,321,347,121,378,404,543,567,244,132,156,206,457,481,373,170, 36, 67,  1]
[ 82, 24, 39,119, 63,587,173,331, 47,572,157,319,478,420,252,419,461,401,548,400,547,489, 48,226,533,479, 28,211, 37,  7,  6,178]
[ 64, 29, 22,145,423,262,507,566,407,246,493,555,231, 60,578, 59,214, 41,312, 40,311,153,408,473,296,140,396,459, 20, 94,117, 30]
[ 33,172, 90, 71,169,506, 66,427,154,491, 51,413,558,324,161,501,541,308,468,484, 43,406,551,317, 21,393,537,302, 91,115, 31,  2]
[170, 36, 67,  1,505,171,424, 70,490,155,411, 53,322,560,497,165,305,544,221,148,403, 46,315,553,390, 25,301,538,114,  3, 17, 34]
[ 37,  7,  6,178,353,283,215,149,554,495,435,366,297,233,434,365,512,448,381,565,511,447,380,313,137, 58,585,521, 82, 24, 39,119]
[ 20, 94,117, 30, 95,524,542,402,318,159,186,600, 23,480,185,599,268,102,128,239,267,101,127,549,476,323,350,190, 64, 29, 22,145]
[ 91,115, 31,  2,441,196,122,240, 52,414,345,453,392,142,343,452,593,361,290, 68,592,360,288,405,229,559,503,604, 33,172, 90, 71]
[114,  3, 17, 34,194,444,462,485,412, 54, 85,107,139,395, 83,106,358,595, 13,329,357,594, 11, 45,556,232,259,278,170, 36, 67,  1]
[ 82, 24, 39,119,174, 98,399,545,158, 81,254,532,110, 27,598,187, 99,  9,201,175,332,269,546,129,320,255,421,111, 37,  7,  6,178]
[ 64, 29, 22,145,508,356,147,219,494,341,580,205,455,300,364,437,445,287,528,425, 72,513,310,382, 55,500,167,370, 20, 94,117, 30]
[ 33,172, 90, 71,263,591,306, 42,249,576,163, 19,207,536,517,274,197,526,103,264,428,180,467,222,415,164,325,208, 91,115, 31,  2]
[170, 36, 67,  1,588,266, 38,309,575,250,499,295,534,210,273,518,525,199,449,509,179,429,220,469,160,418, 61,456,114,  3, 17, 34]
[ 37,  7,  6,178,118, 35,446,379,339,272,204,584,520,458,203,135,152, 75,597,354,284,216,596,529,496,436,367,168, 82, 24, 39,119]
[ 20, 94,117, 30,460,304,198, 10, 79,516,531,258,277,113,530,388,488,335,363,589,  4,463,362,202,251, 86,108,422, 64, 29, 22,145]
[ 91,115, 31,  2,212,540,359,466,431,184,105, 89,603,372,104,227,243,571,515,442,374,123,514, 14,577,346,275,260, 33,172, 90, 71]
[114,  3, 17, 34,539,213,100,126,182,433,451,349,369,606,450,474,569,245,271, 96,120,376,270,291,342,581,601,504,170, 36, 67,  1]
[ 82, 24, 39,119, 37,  7,  6,178, 82, 24, 39,119, 37,  7,  6,178, 82, 24, 39,119, 37,  7,  6,178, 82, 24, 39,119, 37,  7,  6,178]
[ 64, 29, 22,145, 20, 94,117, 30, 64, 29, 22,145, 20, 94,117, 30, 64, 29, 22,145, 20, 94,117, 30, 64, 29, 22,145, 20, 94,117, 30]
[ 33,172, 90, 71, 91,115, 31,  2, 33,172, 90, 71, 91,115, 31,  2, 33,172, 90, 71, 91,115, 31,  2, 33,172, 90, 71, 91,115, 31,  2]
[170, 36, 67,  1,114,  3, 17, 34,170, 36, 67,  1,114,  3, 17, 34,170, 36, 67,  1,114,  3, 17, 34,170, 36, 67,  1,114,  3, 17, 34]
