[d, p, q] = [32, 5, 27]
484,0,540
Degree Spatial distribution
[2, 2, 2, 2, 2, 2, 2, 2, 2, 2, 2, 2, 2, 2, 2, 2, 2, 2, 2, 2, 2, 2, 2, 2, 2, 2, 2, 2, 2, 2, 2, 2]
[2, 2, 2, 2, 2, 2, 2, 2, 2, 2, 2, 2, 2, 2, 2, 2, 2, 2, 2, 2, 2, 2, 2, 2, 2, 2, 2, 2, 2, 2, 2, 2]
[2, 2, 2, 2, 2, 2, 2, 2, 2, 2, 2, 2, 2, 2, 2, 2, 2, 2, 2, 2, 2, 2, 2, 2, 2, 2, 2, 2, 2, 2, 2, 2]
[2, 2, 2, 2, 2, 2, 2, 2, 2, 2, 2, 2, 2, 2, 2, 2, 2, 2, 2, 2, 2, 2, 2, 2, 2, 2, 2, 2, 2, 2, 2, 2]
[2, 2, 2, 2, 2, 2, 2, 2, 2, 2, 2, 2, 2, 2, 2, 2, 2, 2, 2, 2, 2, 2, 2, 2, 2, 2, 2, 2, 2, 2, 2, 2]
[2, 2, 2, 2, 2, 0, 0, 0, 0, 0, 0, 0, 0, 0, 0, 0, 0, 0, 0, 0, 0, 0, 0, 0, 0, 0, 0, 2, 2, 2, 2, 2]
[2, 2, 2, 2, 2, 0, 0, 0, 0, 0, 0, 0, 0, 0, 0, 0, 0, 0, 0, 0, 0, 0, 0, 0, 0, 0, 0, 2, 2, 2, 2, 2]
[2, 2, 2, 2, 2, 0, 0, 0, 0, 0, 0, 0, 0, 0, 0, 0, 0, 0, 0, 0, 0, 0, 0, 0, 0, 0, 0, 2, 2, 2, 2, 2]
[2, 2, 2, 2, 2, 0, 0, 0, 0, 0, 0, 0, 0, 0, 0, 0, 0, 0, 0, 0, 0, 0, 0, 0, 0, 0, 0, 2, 2, 2, 2, 2]
[2, 2, 2, 2, 2, 0, 0, 0, 0, 0, 0, 0, 0, 0, 0, 0, 0, 0, 0, 0, 0, 0, 0, 0, 0, 0, 0, 2, 2, 2, 2, 2]
[2, 2, 2, 2, 2, 0, 0, 0, 0, 0, 0, 0, 0, 0, 0, 0, 0, 0, 0, 0, 0, 0, 0, 0, 0, 0, 0, 2, 2, 2, 2, 2]
[2, 2, 2, 2, 2, 0, 0, 0, 0, 0, 0, 0, 0, 0, 0, 0, 0, 0, 0, 0, 0, 0, 0, 0, 0, 0, 0, 2, 2, 2, 2, 2]
[2, 2, 2, 2, 2, 0, 0, 0, 0, 0, 0, 0, 0, 0, 0, 0, 0, 0, 0, 0, 0, 0, 0, 0, 0, 0, 0, 2, 2, 2, 2, 2]
[2, 2, 2, 2, 2, 0, 0, 0, 0, 0, 0, 0, 0, 0, 0, 0, 0, 0, 0, 0, 0, 0, 0, 0, 0, 0, 0, 2, 2, 2, 2, 2]
[2, 2, 2, 2, 2, 0, 0, 0, 0, 0, 0, 0, 0, 0, 0, 0, 0, 0, 0, 0, 0, 0, 0, 0, 0, 0, 0, 2, 2, 2, 2, 2]
[2, 2, 2, 2, 2, 0, 0, 0, 0, 0, 0, 0, 0, 0, 0, 0, 0, 0, 0, 0, 0, 0, 0, 0, 0, 0, 0, 2, 2, 2, 2, 2]
[2, 2, 2, 2, 2, 0, 0, 0, 0, 0, 0, 0, 0, 0, 0, 0, 0, 0, 0, 0, 0, 0, 0, 0, 0, 0, 0, 2, 2, 2, 2, 2]
[2, 2, 2, 2, 2, 0, 0, 0, 0, 0, 0, 0, 0, 0, 0, 0, 0, 0, 0, 0, 0, 0, 0, 0, 0, 0, 0, 2, 2, 2, 2, 2]
[2, 2, 2, 2, 2, 0, 0, 0, 0, 0, 0, 0, 0, 0, 0, 0, 0, 0, 0, 0, 0, 0, 0, 0, 0, 0, 0, 2, 2, 2, 2, 2]
[2, 2, 2, 2, 2, 0, 0, 0, 0, 0, 0, 0, 0, 0, 0, 0, 0, 0, 0, 0, 0, 0, 0, 0, 0, 0, 0, 2, 2, 2, 2, 2]
[2, 2, 2, 2, 2, 0, 0, 0, 0, 0, 0, 0, 0, 0, 0, 0, 0, 0, 0, 0, 0, 0, 0, 0, 0, 0, 0, 2, 2, 2, 2, 2]
[2, 2, 2, 2, 2, 0, 0, 0, 0, 0, 0, 0, 0, 0, 0, 0, 0, 0, 0, 0, 0, 0, 0, 0, 0, 0, 0, 2, 2, 2, 2, 2]
[2, 2, 2, 2, 2, 0, 0, 0, 0, 0, 0, 0, 0, 0, 0, 0, 0, 0, 0, 0, 0, 0, 0, 0, 0, 0, 0, 2, 2, 2, 2, 2]
[2, 2, 2, 2, 2, 0, 0, 0, 0, 0, 0, 0, 0, 0, 0, 0, 0, 0, 0, 0, 0, 0, 0, 0, 0, 0, 0, 2, 2, 2, 2, 2]
[2, 2, 2, 2, 2, 0, 0, 0, 0, 0, 0, 0, 0, 0, 0, 0, 0, 0, 0, 0, 0, 0, 0, 0, 0, 0, 0, 2, 2, 2, 2, 2]
[2, 2, 2, 2, 2, 0, 0, 0, 0, 0, 0, 0, 0, 0, 0, 0, 0, 0, 0, 0, 0, 0, 0, 0, 0, 0, 0, 2, 2, 2, 2, 2]
[2, 2, 2, 2, 2, 0, 0, 0, 0, 0, 0, 0, 0, 0, 0, 0, 0, 0, 0, 0, 0, 0, 0, 0, 0, 0, 0, 2, 2, 2, 2, 2]
[2, 2, 2, 2, 2, 2, 2, 2, 2, 2, 2, 2, 2, 2, 2, 2, 2, 2, 2, 2, 2, 2, 2, 2, 2, 2, 2, 2, 2, 2, 2, 2]
[2, 2, 2, 2, 2, 2, 2, 2, 2, 2, 2, 2, 2, 2, 2, 2, 2, 2, 2, 2, 2, 2, 2, 2, 2, 2, 2, 2, 2, 2, 2, 2]
[2, 2, 2, 2, 2, 2, 2, 2, 2, 2, 2, 2, 2, 2, 2, 2, 2, 2, 2, 2, 2, 2, 2, 2, 2, 2, 2, 2, 2, 2, 2, 2]
[2, 2, 2, 2, 2, 2, 2, 2, 2, 2, 2, 2, 2, 2, 2, 2, 2, 2, 2, 2, 2, 2, 2, 2, 2, 2, 2, 2, 2, 2, 2, 2]
[2, 2, 2, 2, 2, 2, 2, 2, 2, 2, 2, 2, 2, 2, 2, 2, 2, 2, 2, 2, 2, 2, 2, 2, 2, 2, 2, 2, 2, 2, 2, 2]
Edges: 540
Moves: 1080
Max Clique Size: 2
Number of Max Cliques: 1024
Number of Connected Components: 494
Connected Components Spatial Distribution
[ 72, 25,  1,  7,  3,  2,  3,  2,  1,  7, 72, 25,  1,  7,  3,  2,  3,  2,  1,  7, 72, 25,  1,  7,  3,  2,  3,  2,  1,  7, 72, 25]
[ 22,  6, 17, 27,  2,  1,  7,  3, 17, 27, 22,  6, 17, 27,  2,  1,  7,  3, 17, 27, 22,  6, 17, 27,  2,  1,  7,  3, 17, 27, 22,  6]
[  1,  7,  3,  2,  3, 17, 27,  2,  3,  2,  1,  7,  3,  2,  3, 17, 27,  2,  3,  2,  1,  7,  3,  2,  3, 17, 27,  2,  3,  2,  1,  7]
[ 17, 27,  2,  1,  7, 72, 25,  1,  7,  3, 17, 27,  2,  1,  7, 72, 25,  1,  7,  3, 17, 27,  2,  1,  7, 72, 25,  1,  7,  3, 17, 27]
[  3,  2,  3, 17, 27, 22,  6, 17, 27,  2,  3,  2,  3, 17, 27, 22,  6, 17, 27,  2,  3,  2,  3, 17, 27, 22,  6, 17, 27,  2,  3,  2]
[  2,  1,  7, 72, 25,385,213,276, 15,377, 98,265,472,349,174,228,458,339, 57,217,425,300,136,187,419,290,494, 72, 25,  1,  7,  3]
[  3, 17, 27, 22,  6,108,351,145,301, 97,223,137,268, 70,307,105,253, 54,183, 90,220, 14,261, 61,210,493,142, 22,  6, 17, 27,  2]
[  2,  3,  2,  1,  7,313,144,353, 95,303, 16,344, 66,272,102,310, 51,256,463,294, 11,222, 60,262,491,212,421,  1,  7,  3,  2,  3]
[  1,  7,  3, 17, 27,143,459,410,375,324,263,100, 46,475, 45,474,216,163,113,162,112, 58,376,325,289,227,178, 17, 27,  2,  1,  7]
[ 17, 27,  2,  3,  2,350,254,133,168, 38, 62,305,332,196,331,195,  5,370,390,369,389,259,169, 39, 84,433,457,  3,  2,  3, 17, 27]
[ 72, 25,  1,  7,  3, 73,386,480,446,243,188,172,124,405,453, 69,293, 91, 33,234,182,464,302,395,362,157,107,  2,  1,  7, 72, 25]
[ 22,  6, 17, 27,  2,274,179,201,241,448,467,379,401,128,248,271, 87,295,319,439,462,185, 96,118,155,364,384,  3, 17, 27, 22,  6]
[  1,  7,  3,  2,  3,478,131,257, 36,466,119,246,381,335,192,334,366,316,444,315,443,392, 37,170,431,382, 24,  2,  3,  2,  1,  7]
[ 17, 27,  2,  1,  7,199,408,461,322,186,396,451,175, 49,471, 48,159, 30,239, 29,238,115,323,378,225,104,312,  1,  7,  3, 17, 27]
[  3,  2,  3, 17, 27,407, 52,340,116,394, 40,328,454,251,123,404,437,235,373,387, 32,321,447,244, 19,309,435, 17, 27,  2,  3,  2]
[  2,  1,  7, 72, 25,130,337, 55,393,117,326, 42,249,456,400,127,232,440,166,110,318, 35,242,449,306, 21,230, 72, 25,  1,  7,  3]
[  3, 17, 27, 22,  6,214,160,111,450,398,346,287,226,177,345,286,412,358,298,460,411,357,297,240,101, 47,477, 22,  6, 17, 27,  2]
[  2,  3,  2,  1,  7,422,438,317,245,121,140,490, 20,383,139,489,204, 77, 93,180,203, 76, 92,445,380,250,273,  1,  7,  3,  2,  3]
[  1,  7,  3, 17, 27,146, 88,181, 41,329,269,361,308,106,267,360,483,282,221, 53,482,281,219,320,173,455,406, 17, 27,  2,  1,  7]
[ 17, 27,  2,  3,  2,354,367,388,327, 43, 67, 82,103,311, 65, 81,279,485, 12,255,278,484, 10, 34,452,176,198,  3,  2,  3, 17, 27]
[ 72, 25,  1,  7,  3, 74,314,441,120, 64,193,430, 85, 23,488,141, 75,  8,150,132,258,205,442, 94,247,194,336,  2,  1,  7, 72, 25]
[ 22,  6, 17, 27,  2,277,109,164,397,266,473,154,363,229,285,348,355,218,426,338, 56,413,237,299, 44,403,129,  3, 17, 27, 22,  6]
[  1,  7,  3,  2,  3,481,233, 31,189,469,125, 18,156,434,417,208,147,424, 78,200,341,135,372,167,330,126,252,  2,  3,  2,  1,  7]
[ 17, 27,  2,  1,  7,202, 28,236,468,190,402,224,432,158,207,418,423,149,359,409,134,342,165,374,122,333, 50,  1,  7,  3, 17, 27]
[  3,  2,  3, 17, 27, 26,356,296,264,206,153,476,420,365,152, 99,114, 59,487,275,215,161,486,427,399,347,288, 17, 27,  2,  3,  2]
[  2,  1,  7, 72, 25,231,148,  9, 63,416,429,197,211, 86,428,304,391,260,284,479,  4,368,283,151,191, 68, 83, 72, 25,  1,  7,  3]
[  3, 17, 27, 22,  6,436,280,371,343,138, 80, 71,492,291, 79,171,184,465,415,352,292, 89,414, 13,470,270,209, 22,  6, 17, 27,  2]
[  2,  3,  2,  1,  7, 72, 25,  1,  7,  3,  2,  3,  2,  1,  7, 72, 25,  1,  7,  3,  2,  3,  2,  1,  7, 72, 25,  1,  7,  3,  2,  3]
[  1,  7,  3, 17, 27, 22,  6, 17, 27,  2,  1,  7,  3, 17, 27, 22,  6, 17, 27,  2,  1,  7,  3, 17, 27, 22,  6, 17, 27,  2,  1,  7]
[ 17, 27,  2,  3,  2,  1,  7,  3,  2,  3, 17, 27,  2,  3,  2,  1,  7,  3,  2,  3, 17, 27,  2,  3,  2,  1,  7,  3,  2,  3, 17, 27]
[ 72, 25,  1,  7,  3, 17, 27,  2,  1,  7, 72, 25,  1,  7,  3, 17, 27,  2,  1,  7, 72, 25,  1,  7,  3, 17, 27,  2,  1,  7, 72, 25]
[ 22,  6, 17, 27,  2,  3,  2,  3, 17, 27, 22,  6, 17, 27,  2,  3,  2,  3, 17, 27, 22,  6, 17, 27,  2,  3,  2,  3, 17, 27, 22,  6]
