[d, p, q] = [32, 6, 26]
400,0,624
Degree Spatial distribution
[2, 2, 2, 2, 2, 2, 2, 2, 2, 2, 2, 2, 2, 2, 2, 2, 2, 2, 2, 2, 2, 2, 2, 2, 2, 2, 2, 2, 2, 2, 2, 2]
[2, 2, 2, 2, 2, 2, 2, 2, 2, 2, 2, 2, 2, 2, 2, 2, 2, 2, 2, 2, 2, 2, 2, 2, 2, 2, 2, 2, 2, 2, 2, 2]
[2, 2, 2, 2, 2, 2, 2, 2, 2, 2, 2, 2, 2, 2, 2, 2, 2, 2, 2, 2, 2, 2, 2, 2, 2, 2, 2, 2, 2, 2, 2, 2]
[2, 2, 2, 2, 2, 2, 2, 2, 2, 2, 2, 2, 2, 2, 2, 2, 2, 2, 2, 2, 2, 2, 2, 2, 2, 2, 2, 2, 2, 2, 2, 2]
[2, 2, 2, 2, 2, 2, 2, 2, 2, 2, 2, 2, 2, 2, 2, 2, 2, 2, 2, 2, 2, 2, 2, 2, 2, 2, 2, 2, 2, 2, 2, 2]
[2, 2, 2, 2, 2, 2, 2, 2, 2, 2, 2, 2, 2, 2, 2, 2, 2, 2, 2, 2, 2, 2, 2, 2, 2, 2, 2, 2, 2, 2, 2, 2]
[2, 2, 2, 2, 2, 2, 0, 0, 0, 0, 0, 0, 0, 0, 0, 0, 0, 0, 0, 0, 0, 0, 0, 0, 0, 0, 2, 2, 2, 2, 2, 2]
[2, 2, 2, 2, 2, 2, 0, 0, 0, 0, 0, 0, 0, 0, 0, 0, 0, 0, 0, 0, 0, 0, 0, 0, 0, 0, 2, 2, 2, 2, 2, 2]
[2, 2, 2, 2, 2, 2, 0, 0, 0, 0, 0, 0, 0, 0, 0, 0, 0, 0, 0, 0, 0, 0, 0, 0, 0, 0, 2, 2, 2, 2, 2, 2]
[2, 2, 2, 2, 2, 2, 0, 0, 0, 0, 0, 0, 0, 0, 0, 0, 0, 0, 0, 0, 0, 0, 0, 0, 0, 0, 2, 2, 2, 2, 2, 2]
[2, 2, 2, 2, 2, 2, 0, 0, 0, 0, 0, 0, 0, 0, 0, 0, 0, 0, 0, 0, 0, 0, 0, 0, 0, 0, 2, 2, 2, 2, 2, 2]
[2, 2, 2, 2, 2, 2, 0, 0, 0, 0, 0, 0, 0, 0, 0, 0, 0, 0, 0, 0, 0, 0, 0, 0, 0, 0, 2, 2, 2, 2, 2, 2]
[2, 2, 2, 2, 2, 2, 0, 0, 0, 0, 0, 0, 0, 0, 0, 0, 0, 0, 0, 0, 0, 0, 0, 0, 0, 0, 2, 2, 2, 2, 2, 2]
[2, 2, 2, 2, 2, 2, 0, 0, 0, 0, 0, 0, 0, 0, 0, 0, 0, 0, 0, 0, 0, 0, 0, 0, 0, 0, 2, 2, 2, 2, 2, 2]
[2, 2, 2, 2, 2, 2, 0, 0, 0, 0, 0, 0, 0, 0, 0, 0, 0, 0, 0, 0, 0, 0, 0, 0, 0, 0, 2, 2, 2, 2, 2, 2]
[2, 2, 2, 2, 2, 2, 0, 0, 0, 0, 0, 0, 0, 0, 0, 0, 0, 0, 0, 0, 0, 0, 0, 0, 0, 0, 2, 2, 2, 2, 2, 2]
[2, 2, 2, 2, 2, 2, 0, 0, 0, 0, 0, 0, 0, 0, 0, 0, 0, 0, 0, 0, 0, 0, 0, 0, 0, 0, 2, 2, 2, 2, 2, 2]
[2, 2, 2, 2, 2, 2, 0, 0, 0, 0, 0, 0, 0, 0, 0, 0, 0, 0, 0, 0, 0, 0, 0, 0, 0, 0, 2, 2, 2, 2, 2, 2]
[2, 2, 2, 2, 2, 2, 0, 0, 0, 0, 0, 0, 0, 0, 0, 0, 0, 0, 0, 0, 0, 0, 0, 0, 0, 0, 2, 2, 2, 2, 2, 2]
[2, 2, 2, 2, 2, 2, 0, 0, 0, 0, 0, 0, 0, 0, 0, 0, 0, 0, 0, 0, 0, 0, 0, 0, 0, 0, 2, 2, 2, 2, 2, 2]
[2, 2, 2, 2, 2, 2, 0, 0, 0, 0, 0, 0, 0, 0, 0, 0, 0, 0, 0, 0, 0, 0, 0, 0, 0, 0, 2, 2, 2, 2, 2, 2]
[2, 2, 2, 2, 2, 2, 0, 0, 0, 0, 0, 0, 0, 0, 0, 0, 0, 0, 0, 0, 0, 0, 0, 0, 0, 0, 2, 2, 2, 2, 2, 2]
[2, 2, 2, 2, 2, 2, 0, 0, 0, 0, 0, 0, 0, 0, 0, 0, 0, 0, 0, 0, 0, 0, 0, 0, 0, 0, 2, 2, 2, 2, 2, 2]
[2, 2, 2, 2, 2, 2, 0, 0, 0, 0, 0, 0, 0, 0, 0, 0, 0, 0, 0, 0, 0, 0, 0, 0, 0, 0, 2, 2, 2, 2, 2, 2]
[2, 2, 2, 2, 2, 2, 0, 0, 0, 0, 0, 0, 0, 0, 0, 0, 0, 0, 0, 0, 0, 0, 0, 0, 0, 0, 2, 2, 2, 2, 2, 2]
[2, 2, 2, 2, 2, 2, 0, 0, 0, 0, 0, 0, 0, 0, 0, 0, 0, 0, 0, 0, 0, 0, 0, 0, 0, 0, 2, 2, 2, 2, 2, 2]
[2, 2, 2, 2, 2, 2, 2, 2, 2, 2, 2, 2, 2, 2, 2, 2, 2, 2, 2, 2, 2, 2, 2, 2, 2, 2, 2, 2, 2, 2, 2, 2]
[2, 2, 2, 2, 2, 2, 2, 2, 2, 2, 2, 2, 2, 2, 2, 2, 2, 2, 2, 2, 2, 2, 2, 2, 2, 2, 2, 2, 2, 2, 2, 2]
[2, 2, 2, 2, 2, 2, 2, 2, 2, 2, 2, 2, 2, 2, 2, 2, 2, 2, 2, 2, 2, 2, 2, 2, 2, 2, 2, 2, 2, 2, 2, 2]
[2, 2, 2, 2, 2, 2, 2, 2, 2, 2, 2, 2, 2, 2, 2, 2, 2, 2, 2, 2, 2, 2, 2, 2, 2, 2, 2, 2, 2, 2, 2, 2]
[2, 2, 2, 2, 2, 2, 2, 2, 2, 2, 2, 2, 2, 2, 2, 2, 2, 2, 2, 2, 2, 2, 2, 2, 2, 2, 2, 2, 2, 2, 2, 2]
[2, 2, 2, 2, 2, 2, 2, 2, 2, 2, 2, 2, 2, 2, 2, 2, 2, 2, 2, 2, 2, 2, 2, 2, 2, 2, 2, 2, 2, 2, 2, 2]
Edges: 624
Moves: 1248
Max Clique Size: 2
Number of Max Cliques: 1024
Number of Connected Components: 424
Connected Components Spatial Distribution
[ 26,  2,  6,  8, 26,  2,  6,  8, 74,  7,104,126, 26,  2,  6,  8, 26,  2,  6,  8, 74,  7,104,126, 26,  2,  6,  8, 26,  2,  6,  8]
[ 15,  1, 19,  3, 15,  1, 19,  3, 24, 50,125, 34, 15,  1, 19,  3, 15,  1, 19,  3, 24, 50,125, 34, 15,  1, 19,  3, 15,  1, 19,  3]
[  6,  8, 74,  7,104,126, 26,  2, 28, 22, 78, 54,  6,  8, 74,  7,104,126, 26,  2, 28, 22, 78, 54,  6,  8, 74,  7,104,126, 26,  2]
[ 19,  3, 24, 50,125, 34, 15,  1, 85, 29, 27, 25, 19,  3, 24, 50,125, 34, 15,  1, 85, 29, 27, 25, 19,  3, 24, 50,125, 34, 15,  1]
[ 26,  2, 28, 22, 78, 54,  6,  8, 26,  2,  6,  8, 26,  2, 28, 22, 78, 54,  6,  8, 26,  2,  6,  8, 26,  2, 28, 22, 78, 54,  6,  8]
[ 15,  1, 85, 29, 27, 25, 19,  3, 15,  1, 19,  3, 15,  1, 85, 29, 27, 25, 19,  3, 15,  1, 19,  3, 15,  1, 85, 29, 27, 25, 19,  3]
[  6,  8, 26,  2,  6,  8,307,137,264, 95,202,132,242, 73,270,102,228, 58,171, 88,199, 14,236, 64,192,424, 26,  2,  6,  8, 26,  2]
[ 19,  3, 15,  1, 19,  3,136,308, 93,266, 16,302, 69,245, 99,273, 55,231,401,258, 12,201, 63,237,423,194, 15,  1, 19,  3, 15,  1]
[ 74,  7,104,126, 26,  2,397,358,328,285,238, 97, 49,410, 48,409,196,154,109,153,108, 61,329,286,256,206,  6,  8, 74,  7,104,126]
[ 24, 50,125, 34, 15,  1,229,129,159, 41, 65,268,293,182,292,181,  5,324,340,323,339,234,160, 42, 82,375, 19,  3, 24, 50,125, 34]
[ 28, 22, 78, 54,  6,  8,336,413,386,219,174,162,120,355,393, 72,257, 89, 36,210,170,402,265,345,316,148, 26,  2, 28, 22, 78, 54]
[ 85, 29, 27, 25, 19,  3,167,185,217,388,404,331,351,124,224,244, 86,259,280,379,400,172, 94,114,146,318, 15,  1, 85, 29, 27, 25]
[ 26,  2,  6,  8, 26,  2,127,232, 39,403,115,222,333,296,178,295,320,277,384,276,383,342, 40,161,373,334,  6,  8, 26,  2,  6,  8]
[ 15,  1, 19,  3, 15,  1,356,399,283,173,346,391,164, 53,407, 52,150, 32,215, 31,214,111,284,330,204,101, 19,  3, 15,  1, 19,  3]
[  6,  8, 74,  7,104,126, 56,299,112,344, 43,289,394,227,119,354,377,211,326,337, 35,282,387,220, 18,272, 74,  7,104,126, 26,  2]
[ 19,  3, 24, 50,125, 34,297, 59,343,113,287, 45,225,396,350,123,208,380,157,106,279, 38,218,389,269, 21, 24, 50,125, 34, 15,  1]
[ 26,  2, 28, 22, 78, 54,151,107,390,348,304,255,205,166,303,254,360,312,262,398,359,311,261,216, 98, 51, 28, 22, 78, 54,  6,  8]
[ 15,  1, 85, 29, 27, 25,378,278,221,117,134,422, 20,335,133,421,187, 77, 91,168,186, 76, 90,385,332,226, 85, 29, 27, 25, 19,  3]
[  6,  8, 26,  2,  6,  8, 87,169, 44,290,243,315,271,103,241,314,415,250,200, 57,414,249,198,281,163,395, 26,  2,  6,  8, 26,  2]
[ 19,  3, 15,  1, 19,  3,321,338,288, 46, 70, 81,100,274, 68, 80,248,417, 13,230,247,416, 11, 37,392,165, 15,  1, 19,  3, 15,  1]
[ 74,  7,104,126, 26,  2,275,381,116, 67,179,372, 83, 23,420,135, 75,  9,141,128,233,188,382, 92,223,180,  6,  8, 74,  7,104,126]
[ 24, 50,125, 34, 15,  1,105,155,347,240,408,145,317,207,253,306,309,197,368,298, 60,361,213,263, 47,353, 19,  3, 24, 50,125, 34]
[ 28, 22, 78, 54,  6,  8,209, 33,175,406,121, 17,147,376,363,191,138,367, 79,184,300,131,325,158,291,122, 26,  2, 28, 22, 78, 54]
[ 85, 29, 27, 25, 19,  3, 30,212,405,176,352,203,374,149,190,364,366,140,313,357,130,301,156,327,118,294, 15,  1, 85, 29, 27, 25]
[ 26,  2,  6,  8, 26,  2,310,260,239,189,144,411,365,319,143, 96,110, 62,419,246,195,152,418,369,349,305,  6,  8, 26,  2,  6,  8]
[ 15,  1, 19,  3, 15,  1,139, 10, 66,362,371,183,193, 84,370,267,341,235,252,412,  4,322,251,142,177, 71, 19,  3, 15,  1, 19,  3]
[  6,  8, 74,  7,104,126, 26,  2,  6,  8, 26,  2,  6,  8, 74,  7,104,126, 26,  2,  6,  8, 26,  2,  6,  8, 74,  7,104,126, 26,  2]
[ 19,  3, 24, 50,125, 34, 15,  1, 19,  3, 15,  1, 19,  3, 24, 50,125, 34, 15,  1, 19,  3, 15,  1, 19,  3, 24, 50,125, 34, 15,  1]
[ 26,  2, 28, 22, 78, 54,  6,  8, 74,  7,104,126, 26,  2, 28, 22, 78, 54,  6,  8, 74,  7,104,126, 26,  2, 28, 22, 78, 54,  6,  8]
[ 15,  1, 85, 29, 27, 25, 19,  3, 24, 50,125, 34, 15,  1, 85, 29, 27, 25, 19,  3, 24, 50,125, 34, 15,  1, 85, 29, 27, 25, 19,  3]
[  6,  8, 26,  2,  6,  8, 26,  2, 28, 22, 78, 54,  6,  8, 26,  2,  6,  8, 26,  2, 28, 22, 78, 54,  6,  8, 26,  2,  6,  8, 26,  2]
[ 19,  3, 15,  1, 19,  3, 15,  1, 85, 29, 27, 25, 19,  3, 15,  1, 19,  3, 15,  1, 85, 29, 27, 25, 19,  3, 15,  1, 19,  3, 15,  1]
