[d, p, q] = [32, 7, 25]
324,0,700
Degree Spatial distribution
[2, 2, 2, 2, 2, 2, 2, 2, 2, 2, 2, 2, 2, 2, 2, 2, 2, 2, 2, 2, 2, 2, 2, 2, 2, 2, 2, 2, 2, 2, 2, 2]
[2, 2, 2, 2, 2, 2, 2, 2, 2, 2, 2, 2, 2, 2, 2, 2, 2, 2, 2, 2, 2, 2, 2, 2, 2, 2, 2, 2, 2, 2, 2, 2]
[2, 2, 2, 2, 2, 2, 2, 2, 2, 2, 2, 2, 2, 2, 2, 2, 2, 2, 2, 2, 2, 2, 2, 2, 2, 2, 2, 2, 2, 2, 2, 2]
[2, 2, 2, 2, 2, 2, 2, 2, 2, 2, 2, 2, 2, 2, 2, 2, 2, 2, 2, 2, 2, 2, 2, 2, 2, 2, 2, 2, 2, 2, 2, 2]
[2, 2, 2, 2, 2, 2, 2, 2, 2, 2, 2, 2, 2, 2, 2, 2, 2, 2, 2, 2, 2, 2, 2, 2, 2, 2, 2, 2, 2, 2, 2, 2]
[2, 2, 2, 2, 2, 2, 2, 2, 2, 2, 2, 2, 2, 2, 2, 2, 2, 2, 2, 2, 2, 2, 2, 2, 2, 2, 2, 2, 2, 2, 2, 2]
[2, 2, 2, 2, 2, 2, 2, 2, 2, 2, 2, 2, 2, 2, 2, 2, 2, 2, 2, 2, 2, 2, 2, 2, 2, 2, 2, 2, 2, 2, 2, 2]
[2, 2, 2, 2, 2, 2, 2, 0, 0, 0, 0, 0, 0, 0, 0, 0, 0, 0, 0, 0, 0, 0, 0, 0, 0, 2, 2, 2, 2, 2, 2, 2]
[2, 2, 2, 2, 2, 2, 2, 0, 0, 0, 0, 0, 0, 0, 0, 0, 0, 0, 0, 0, 0, 0, 0, 0, 0, 2, 2, 2, 2, 2, 2, 2]
[2, 2, 2, 2, 2, 2, 2, 0, 0, 0, 0, 0, 0, 0, 0, 0, 0, 0, 0, 0, 0, 0, 0, 0, 0, 2, 2, 2, 2, 2, 2, 2]
[2, 2, 2, 2, 2, 2, 2, 0, 0, 0, 0, 0, 0, 0, 0, 0, 0, 0, 0, 0, 0, 0, 0, 0, 0, 2, 2, 2, 2, 2, 2, 2]
[2, 2, 2, 2, 2, 2, 2, 0, 0, 0, 0, 0, 0, 0, 0, 0, 0, 0, 0, 0, 0, 0, 0, 0, 0, 2, 2, 2, 2, 2, 2, 2]
[2, 2, 2, 2, 2, 2, 2, 0, 0, 0, 0, 0, 0, 0, 0, 0, 0, 0, 0, 0, 0, 0, 0, 0, 0, 2, 2, 2, 2, 2, 2, 2]
[2, 2, 2, 2, 2, 2, 2, 0, 0, 0, 0, 0, 0, 0, 0, 0, 0, 0, 0, 0, 0, 0, 0, 0, 0, 2, 2, 2, 2, 2, 2, 2]
[2, 2, 2, 2, 2, 2, 2, 0, 0, 0, 0, 0, 0, 0, 0, 0, 0, 0, 0, 0, 0, 0, 0, 0, 0, 2, 2, 2, 2, 2, 2, 2]
[2, 2, 2, 2, 2, 2, 2, 0, 0, 0, 0, 0, 0, 0, 0, 0, 0, 0, 0, 0, 0, 0, 0, 0, 0, 2, 2, 2, 2, 2, 2, 2]
[2, 2, 2, 2, 2, 2, 2, 0, 0, 0, 0, 0, 0, 0, 0, 0, 0, 0, 0, 0, 0, 0, 0, 0, 0, 2, 2, 2, 2, 2, 2, 2]
[2, 2, 2, 2, 2, 2, 2, 0, 0, 0, 0, 0, 0, 0, 0, 0, 0, 0, 0, 0, 0, 0, 0, 0, 0, 2, 2, 2, 2, 2, 2, 2]
[2, 2, 2, 2, 2, 2, 2, 0, 0, 0, 0, 0, 0, 0, 0, 0, 0, 0, 0, 0, 0, 0, 0, 0, 0, 2, 2, 2, 2, 2, 2, 2]
[2, 2, 2, 2, 2, 2, 2, 0, 0, 0, 0, 0, 0, 0, 0, 0, 0, 0, 0, 0, 0, 0, 0, 0, 0, 2, 2, 2, 2, 2, 2, 2]
[2, 2, 2, 2, 2, 2, 2, 0, 0, 0, 0, 0, 0, 0, 0, 0, 0, 0, 0, 0, 0, 0, 0, 0, 0, 2, 2, 2, 2, 2, 2, 2]
[2, 2, 2, 2, 2, 2, 2, 0, 0, 0, 0, 0, 0, 0, 0, 0, 0, 0, 0, 0, 0, 0, 0, 0, 0, 2, 2, 2, 2, 2, 2, 2]
[2, 2, 2, 2, 2, 2, 2, 0, 0, 0, 0, 0, 0, 0, 0, 0, 0, 0, 0, 0, 0, 0, 0, 0, 0, 2, 2, 2, 2, 2, 2, 2]
[2, 2, 2, 2, 2, 2, 2, 0, 0, 0, 0, 0, 0, 0, 0, 0, 0, 0, 0, 0, 0, 0, 0, 0, 0, 2, 2, 2, 2, 2, 2, 2]
[2, 2, 2, 2, 2, 2, 2, 0, 0, 0, 0, 0, 0, 0, 0, 0, 0, 0, 0, 0, 0, 0, 0, 0, 0, 2, 2, 2, 2, 2, 2, 2]
[2, 2, 2, 2, 2, 2, 2, 2, 2, 2, 2, 2, 2, 2, 2, 2, 2, 2, 2, 2, 2, 2, 2, 2, 2, 2, 2, 2, 2, 2, 2, 2]
[2, 2, 2, 2, 2, 2, 2, 2, 2, 2, 2, 2, 2, 2, 2, 2, 2, 2, 2, 2, 2, 2, 2, 2, 2, 2, 2, 2, 2, 2, 2, 2]
[2, 2, 2, 2, 2, 2, 2, 2, 2, 2, 2, 2, 2, 2, 2, 2, 2, 2, 2, 2, 2, 2, 2, 2, 2, 2, 2, 2, 2, 2, 2, 2]
[2, 2, 2, 2, 2, 2, 2, 2, 2, 2, 2, 2, 2, 2, 2, 2, 2, 2, 2, 2, 2, 2, 2, 2, 2, 2, 2, 2, 2, 2, 2, 2]
[2, 2, 2, 2, 2, 2, 2, 2, 2, 2, 2, 2, 2, 2, 2, 2, 2, 2, 2, 2, 2, 2, 2, 2, 2, 2, 2, 2, 2, 2, 2, 2]
[2, 2, 2, 2, 2, 2, 2, 2, 2, 2, 2, 2, 2, 2, 2, 2, 2, 2, 2, 2, 2, 2, 2, 2, 2, 2, 2, 2, 2, 2, 2, 2]
[2, 2, 2, 2, 2, 2, 2, 2, 2, 2, 2, 2, 2, 2, 2, 2, 2, 2, 2, 2, 2, 2, 2, 2, 2, 2, 2, 2, 2, 2, 2, 2]
Edges: 700
Moves: 1400
Max Clique Size: 2
Number of Max Cliques: 1024
Number of Connected Components: 346
Connected Components Spatial Distribution
[  1, 18, 23, 72,  3,  2,  3,  2, 19,  6,  3,  2,  3,  2,  1, 18, 23, 72,  3,  2,  3,  2, 19,  6,  3,  2,  3,  2,  1, 18, 23, 72]
[ 16, 49, 11, 26,  2, 19,  6,  3, 24, 50,  2, 19,  6,  3, 16, 49, 11, 26,  2, 19,  6,  3, 24, 50,  2, 19,  6,  3, 16, 49, 11, 26]
[ 75, 12, 28, 22,  3, 24, 50,  2,  3,  2,  3, 24, 50,  2, 75, 12, 28, 22,  3, 24, 50,  2,  3,  2,  3, 24, 50,  2, 75, 12, 28, 22]
[  5, 21, 27, 25,  2,  3,  2,  1, 18, 23, 72,  3,  2,  3,  5, 21, 27, 25,  2,  3,  2,  1, 18, 23, 72,  3,  2,  3,  5, 21, 27, 25]
[  3,  2,  3,  2, 19,  6,  3, 16, 49, 11, 26,  2, 19,  6,  3,  2,  3,  2, 19,  6,  3, 16, 49, 11, 26,  2, 19,  6,  3,  2,  3,  2]
[  2, 19,  6,  3, 24, 50,  2, 75, 12, 28, 22,  3, 24, 50,  2, 19,  6,  3, 24, 50,  2, 75, 12, 28, 22,  3, 24, 50,  2, 19,  6,  3]
[  3, 24, 50,  2,  3,  2,  3,  5, 21, 27, 25,  2,  3,  2,  3, 24, 50,  2,  3,  2,  3,  5, 21, 27, 25,  2,  3,  2,  3, 24, 50,  2]
[  2,  3,  2,  1, 18, 23, 72,248, 79,214, 13,244, 61,196, 84,218, 51,185,325,207,  9,161, 57,189,346,  1, 18, 23, 72,  3,  2,  3]
[ 19,  6,  3, 16, 49, 11, 26,289,264,229,190, 82, 46,334, 45,333,157,124, 90,123, 89, 55,265,230,205, 16, 49, 11, 26,  2, 19,  6]
[ 24, 50,  2, 75, 12, 28, 22,106,129, 38, 58,215,237,147,236,146,  4,260,274,259,273,188,130, 39, 70, 75, 12, 28, 22,  3, 24, 50]
[  3,  2,  3,  5, 21, 27, 25,336,312,176,141,132,101,287,319, 63,206, 74, 33,167,138,326,213,278,255,  5, 21, 27, 25,  2,  3,  2]
[  2, 19,  6,  3,  2,  3,  2,149,174,314,328,267,284,104,181,195, 73,208,224,305,324,139, 80, 95,118,  3,  2,  3,  2, 19,  6,  3]
[  3, 24, 50,  2, 19,  6,  3,186, 36,327, 96,179,269,239,144,238,258,221,310,220,309,275, 37,131,301,  2, 19,  6,  3, 24, 50,  2]
[  2,  3,  2,  3, 24, 50,  2,323,227,140,279,317,134, 48,331, 47,121, 30,172, 29,171, 92,228,266,163,  3, 24, 50,  2,  3,  2,  3]
[  1, 18, 23, 72,  3,  2,  3,241, 93,277, 40,233,320,183,100,286,304,168,262,271, 32,226,313,177, 15,  2,  3,  2,  1, 18, 23, 72]
[ 16, 49, 11, 26,  2, 19,  6, 53,276, 94,231, 42,182,321,283,103,166,306,127, 87,223, 35,175,315,216, 19,  6,  3, 16, 49, 11, 26]
[ 75, 12, 28, 22,  3, 24, 50, 88,316,281,246,204,164,135,245,203,291,251,211,322,290,250,210,173, 83, 24, 50,  2, 75, 12, 28, 22]
[  5, 21, 27, 25,  2,  3,  2,222,178, 98,110,345, 17,270,109,344,151, 66, 77,136,150, 65, 76,311,268,  3,  2,  3,  5, 21, 27, 25]
[  3,  2,  3,  2, 19,  6,  3,137, 41,234,194,254,217, 86,193,253,338,201,160, 52,337,200,159,225,133,  2, 19,  6,  3,  2,  3,  2]
[  2, 19,  6,  3, 24, 50,  2,272,232, 43, 62, 69, 85,219, 60, 68,199,340, 10,184,198,339,  8, 34,318,  3, 24, 50,  2, 19,  6,  3]
[  3, 24, 50,  2,  3,  2,  3,307, 97, 59,145,300, 71, 20,343,111, 64,  7,114,105,187,152,308, 78,180,  2,  3,  2,  3, 24, 50,  2]
[  2,  3,  2,  1, 18, 23, 72,125,280,192,332,117,256,165,202,247,249,158,298,240, 54,292,170,212, 44,  1, 18, 23, 72,  3,  2,  3]
[ 19,  6,  3, 16, 49, 11, 26, 31,142,330,102, 14,119,303,293,155,112,297, 67,148,242,108,261,128,235, 16, 49, 11, 26,  2, 19,  6]
[ 24, 50,  2, 75, 12, 28, 22,169,329,143,285,162,302,120,154,294,296,113,252,288,107,243,126,263, 99, 75, 12, 28, 22,  3, 24, 50]
[  3,  2,  3,  5, 21, 27, 25,209,191,153,116,335,295,257,115, 81, 91, 56,342,197,156,122,341,299,282,  5, 21, 27, 25,  2,  3,  2]
[  2, 19,  6,  3,  2,  3,  2,  1, 18, 23, 72,  3,  2,  3,  2, 19,  6,  3,  2,  3,  2,  1, 18, 23, 72,  3,  2,  3,  2, 19,  6,  3]
[  3, 24, 50,  2, 19,  6,  3, 16, 49, 11, 26,  2, 19,  6,  3, 24, 50,  2, 19,  6,  3, 16, 49, 11, 26,  2, 19,  6,  3, 24, 50,  2]
[  2,  3,  2,  3, 24, 50,  2, 75, 12, 28, 22,  3, 24, 50,  2,  3,  2,  3, 24, 50,  2, 75, 12, 28, 22,  3, 24, 50,  2,  3,  2,  3]
[  1, 18, 23, 72,  3,  2,  3,  5, 21, 27, 25,  2,  3,  2,  1, 18, 23, 72,  3,  2,  3,  5, 21, 27, 25,  2,  3,  2,  1, 18, 23, 72]
[ 16, 49, 11, 26,  2, 19,  6,  3,  2,  3,  2, 19,  6,  3, 16, 49, 11, 26,  2, 19,  6,  3,  2,  3,  2, 19,  6,  3, 16, 49, 11, 26]
[ 75, 12, 28, 22,  3, 24, 50,  2, 19,  6,  3, 24, 50,  2, 75, 12, 28, 22,  3, 24, 50,  2, 19,  6,  3, 24, 50,  2, 75, 12, 28, 22]
[  5, 21, 27, 25,  2,  3,  2,  3, 24, 50,  2,  3,  2,  3,  5, 21, 27, 25,  2,  3,  2,  3, 24, 50,  2,  3,  2,  3,  5, 21, 27, 25]
