[d, p, q] = [32, 8, 24]
256,0,768
Degree Spatial distribution
[2, 2, 2, 2, 2, 2, 2, 2, 2, 2, 2, 2, 2, 2, 2, 2, 2, 2, 2, 2, 2, 2, 2, 2, 2, 2, 2, 2, 2, 2, 2, 2]
[2, 2, 2, 2, 2, 2, 2, 2, 2, 2, 2, 2, 2, 2, 2, 2, 2, 2, 2, 2, 2, 2, 2, 2, 2, 2, 2, 2, 2, 2, 2, 2]
[2, 2, 2, 2, 2, 2, 2, 2, 2, 2, 2, 2, 2, 2, 2, 2, 2, 2, 2, 2, 2, 2, 2, 2, 2, 2, 2, 2, 2, 2, 2, 2]
[2, 2, 2, 2, 2, 2, 2, 2, 2, 2, 2, 2, 2, 2, 2, 2, 2, 2, 2, 2, 2, 2, 2, 2, 2, 2, 2, 2, 2, 2, 2, 2]
[2, 2, 2, 2, 2, 2, 2, 2, 2, 2, 2, 2, 2, 2, 2, 2, 2, 2, 2, 2, 2, 2, 2, 2, 2, 2, 2, 2, 2, 2, 2, 2]
[2, 2, 2, 2, 2, 2, 2, 2, 2, 2, 2, 2, 2, 2, 2, 2, 2, 2, 2, 2, 2, 2, 2, 2, 2, 2, 2, 2, 2, 2, 2, 2]
[2, 2, 2, 2, 2, 2, 2, 2, 2, 2, 2, 2, 2, 2, 2, 2, 2, 2, 2, 2, 2, 2, 2, 2, 2, 2, 2, 2, 2, 2, 2, 2]
[2, 2, 2, 2, 2, 2, 2, 2, 2, 2, 2, 2, 2, 2, 2, 2, 2, 2, 2, 2, 2, 2, 2, 2, 2, 2, 2, 2, 2, 2, 2, 2]
[2, 2, 2, 2, 2, 2, 2, 2, 0, 0, 0, 0, 0, 0, 0, 0, 0, 0, 0, 0, 0, 0, 0, 0, 2, 2, 2, 2, 2, 2, 2, 2]
[2, 2, 2, 2, 2, 2, 2, 2, 0, 0, 0, 0, 0, 0, 0, 0, 0, 0, 0, 0, 0, 0, 0, 0, 2, 2, 2, 2, 2, 2, 2, 2]
[2, 2, 2, 2, 2, 2, 2, 2, 0, 0, 0, 0, 0, 0, 0, 0, 0, 0, 0, 0, 0, 0, 0, 0, 2, 2, 2, 2, 2, 2, 2, 2]
[2, 2, 2, 2, 2, 2, 2, 2, 0, 0, 0, 0, 0, 0, 0, 0, 0, 0, 0, 0, 0, 0, 0, 0, 2, 2, 2, 2, 2, 2, 2, 2]
[2, 2, 2, 2, 2, 2, 2, 2, 0, 0, 0, 0, 0, 0, 0, 0, 0, 0, 0, 0, 0, 0, 0, 0, 2, 2, 2, 2, 2, 2, 2, 2]
[2, 2, 2, 2, 2, 2, 2, 2, 0, 0, 0, 0, 0, 0, 0, 0, 0, 0, 0, 0, 0, 0, 0, 0, 2, 2, 2, 2, 2, 2, 2, 2]
[2, 2, 2, 2, 2, 2, 2, 2, 0, 0, 0, 0, 0, 0, 0, 0, 0, 0, 0, 0, 0, 0, 0, 0, 2, 2, 2, 2, 2, 2, 2, 2]
[2, 2, 2, 2, 2, 2, 2, 2, 0, 0, 0, 0, 0, 0, 0, 0, 0, 0, 0, 0, 0, 0, 0, 0, 2, 2, 2, 2, 2, 2, 2, 2]
[2, 2, 2, 2, 2, 2, 2, 2, 0, 0, 0, 0, 0, 0, 0, 0, 0, 0, 0, 0, 0, 0, 0, 0, 2, 2, 2, 2, 2, 2, 2, 2]
[2, 2, 2, 2, 2, 2, 2, 2, 0, 0, 0, 0, 0, 0, 0, 0, 0, 0, 0, 0, 0, 0, 0, 0, 2, 2, 2, 2, 2, 2, 2, 2]
[2, 2, 2, 2, 2, 2, 2, 2, 0, 0, 0, 0, 0, 0, 0, 0, 0, 0, 0, 0, 0, 0, 0, 0, 2, 2, 2, 2, 2, 2, 2, 2]
[2, 2, 2, 2, 2, 2, 2, 2, 0, 0, 0, 0, 0, 0, 0, 0, 0, 0, 0, 0, 0, 0, 0, 0, 2, 2, 2, 2, 2, 2, 2, 2]
[2, 2, 2, 2, 2, 2, 2, 2, 0, 0, 0, 0, 0, 0, 0, 0, 0, 0, 0, 0, 0, 0, 0, 0, 2, 2, 2, 2, 2, 2, 2, 2]
[2, 2, 2, 2, 2, 2, 2, 2, 0, 0, 0, 0, 0, 0, 0, 0, 0, 0, 0, 0, 0, 0, 0, 0, 2, 2, 2, 2, 2, 2, 2, 2]
[2, 2, 2, 2, 2, 2, 2, 2, 0, 0, 0, 0, 0, 0, 0, 0, 0, 0, 0, 0, 0, 0, 0, 0, 2, 2, 2, 2, 2, 2, 2, 2]
[2, 2, 2, 2, 2, 2, 2, 2, 0, 0, 0, 0, 0, 0, 0, 0, 0, 0, 0, 0, 0, 0, 0, 0, 2, 2, 2, 2, 2, 2, 2, 2]
[2, 2, 2, 2, 2, 2, 2, 2, 2, 2, 2, 2, 2, 2, 2, 2, 2, 2, 2, 2, 2, 2, 2, 2, 2, 2, 2, 2, 2, 2, 2, 2]
[2, 2, 2, 2, 2, 2, 2, 2, 2, 2, 2, 2, 2, 2, 2, 2, 2, 2, 2, 2, 2, 2, 2, 2, 2, 2, 2, 2, 2, 2, 2, 2]
[2, 2, 2, 2, 2, 2, 2, 2, 2, 2, 2, 2, 2, 2, 2, 2, 2, 2, 2, 2, 2, 2, 2, 2, 2, 2, 2, 2, 2, 2, 2, 2]
[2, 2, 2, 2, 2, 2, 2, 2, 2, 2, 2, 2, 2, 2, 2, 2, 2, 2, 2, 2, 2, 2, 2, 2, 2, 2, 2, 2, 2, 2, 2, 2]
[2, 2, 2, 2, 2, 2, 2, 2, 2, 2, 2, 2, 2, 2, 2, 2, 2, 2, 2, 2, 2, 2, 2, 2, 2, 2, 2, 2, 2, 2, 2, 2]
[2, 2, 2, 2, 2, 2, 2, 2, 2, 2, 2, 2, 2, 2, 2, 2, 2, 2, 2, 2, 2, 2, 2, 2, 2, 2, 2, 2, 2, 2, 2, 2]
[2, 2, 2, 2, 2, 2, 2, 2, 2, 2, 2, 2, 2, 2, 2, 2, 2, 2, 2, 2, 2, 2, 2, 2, 2, 2, 2, 2, 2, 2, 2, 2]
[2, 2, 2, 2, 2, 2, 2, 2, 2, 2, 2, 2, 2, 2, 2, 2, 2, 2, 2, 2, 2, 2, 2, 2, 2, 2, 2, 2, 2, 2, 2, 2]
Edges: 768
Moves: 1536
Max Clique Size: 2
Number of Max Cliques: 1024
Number of Connected Components: 384
Connected Components Spatial Distribution
[ 41, 95,166,168, 98,233,188,138,113, 17,221,182,124, 39, 42,125, 41, 95,166,168, 98,233,188,138,113, 17,221,182,124, 39, 42,125]
[ 22, 88,117, 71,105, 70,103,148,146,120,145, 34,  4, 32, 24, 10, 22, 88,117, 71,105, 70,103,148,146,120,145, 34,  4, 32, 24, 10]
[149,143, 63, 33, 37,184,114,204, 93,209,171,231,193,100,104, 14,149,143, 63, 33, 37,184,114,204, 93,209,171,231,193,100,104, 14]
[140,151,177,172,183, 40, 74,  1,208, 96, 30, 65, 97,194,109,129,140,151,177,172,183, 40, 74,  1,208, 96, 30, 65, 97,194,109,129]
[ 84,175, 31,  8,173,107,147,106,118, 26, 69, 82, 68,  7,  6, 28, 84,175, 31,  8,173,107,147,106,118, 26, 69, 82, 68,  7,  6, 28]
[ 92, 60, 79,222, 36,101,136,189, 16,169,137,167,232,126,123, 45, 92, 60, 79,222, 36,101,136,189, 16,169,137,167,232,126,123, 45]
[ 23, 76, 91,102,223, 15, 35, 20, 64,135,121, 66,170, 90, 73,  2, 23, 76, 91,102,223, 15, 35, 20, 64,135,121, 66,170, 90, 73,  2]
[ 72, 27, 99, 94, 12,225, 18, 38,133, 67, 19,122, 86,  3,141, 77, 72, 27, 99, 94, 12,225, 18, 38,133, 67, 19,122, 86,  3,141, 77]
[113, 17,221,182,124, 39, 42,125,318,289,260,139, 59,377, 58,376,234,197,153,196,152, 80,319,290, 41, 95,166,168, 98,233,188,138]
[146,120,145, 34,  4, 32, 24, 10,201, 52, 81,278,296,220,295,219,  5,314,326,313,325,259,202, 53, 22, 88,117, 71,105, 70,103,148]
[ 93,209,171,231,193,100,104, 14,358,250,214,205,162,338,364, 89,272,128, 47,242,211,369,277,330,149,143, 63, 33, 37,184,114,204]
[208, 96, 30, 65, 97,194,109,129,248,360,371,321,335,165,254,264,127,273,284,352,368,212,134,157,140,151,177,172,183, 40, 74,  1]
[118, 26, 69, 82, 68,  7,  6, 28, 50,370,158,253,322,298,217,297,312,282,356,281,355,327, 51,203, 84,175, 31,  8,173,107,147,106]
[ 16,169,137,167,232,126,123, 45,287,213,331,363,206, 62,374, 61,195, 44,246, 43,245,154,288,320, 92, 60, 79,222, 36,101,136,189]
[ 64,135,121, 66,170, 90, 73,  2,155,329, 54,293,365,256,161,337,351,243,316,324, 46,286,359,251, 23, 76, 91,102,223, 15, 35, 20]
[133, 67, 19,122, 86,  3,141, 77,328,156,291, 56,255,366,334,164,241,353,199,150,283, 49,249,361, 72, 27, 99, 94, 12,225, 18, 38]
[ 41, 95,166,168, 98,233,188,138,362,333,303,271,239,207,302,270,341,307,275,367,340,306,274,247,113, 17,221,182,124, 39, 42,125]
[ 22, 88,117, 71,105, 70,103,148,252,160,180,384, 25,323,179,383,227,111,131,210,226,110,130,357,146,120,145, 34,  4, 32, 24, 10]
[149,143, 63, 33, 37,184,114,204, 55,294,263,310,279,144,262,309,379,268,237, 75,378,267,236,285, 93,209,171,231,193,100,104, 14]
[140,151,177,172,183, 40, 74,  1,292, 57, 87,116,142,280, 85,115,266,381, 13,257,265,380, 11, 48,208, 96, 30, 65, 97,194,109,129]
[ 84,175, 31,  8,173,107,147,106,159, 83,218,348,119, 29,382,181,108,  9,187,174,258,228,354,132,118, 26, 69, 82, 68,  7,  6, 28]
[ 92, 60, 79,222, 36,101,136,189,332,261,375,190,311,240,269,304,305,235,347,299, 78,342,244,276, 16,169,137,167,232,126,123, 45]
[ 23, 76, 91,102,223, 15, 35, 20,215,373,163, 21,191,350,343,230,185,346,112,224,300,178,315,200, 64,135,121, 66,170, 90, 73,  2]
[ 72, 27, 99, 94, 12,225, 18, 38,372,216,336,238,349,192,229,344,345,186,308,339,176,301,198,317,133, 67, 19,122, 86,  3,141, 77]
[113, 17,221,182,124, 39, 42,125, 41, 95,166,168, 98,233,188,138,113, 17,221,182,124, 39, 42,125, 41, 95,166,168, 98,233,188,138]
[146,120,145, 34,  4, 32, 24, 10, 22, 88,117, 71,105, 70,103,148,146,120,145, 34,  4, 32, 24, 10, 22, 88,117, 71,105, 70,103,148]
[ 93,209,171,231,193,100,104, 14,149,143, 63, 33, 37,184,114,204, 93,209,171,231,193,100,104, 14,149,143, 63, 33, 37,184,114,204]
[208, 96, 30, 65, 97,194,109,129,140,151,177,172,183, 40, 74,  1,208, 96, 30, 65, 97,194,109,129,140,151,177,172,183, 40, 74,  1]
[118, 26, 69, 82, 68,  7,  6, 28, 84,175, 31,  8,173,107,147,106,118, 26, 69, 82, 68,  7,  6, 28, 84,175, 31,  8,173,107,147,106]
[ 16,169,137,167,232,126,123, 45, 92, 60, 79,222, 36,101,136,189, 16,169,137,167,232,126,123, 45, 92, 60, 79,222, 36,101,136,189]
[ 64,135,121, 66,170, 90, 73,  2, 23, 76, 91,102,223, 15, 35, 20, 64,135,121, 66,170, 90, 73,  2, 23, 76, 91,102,223, 15, 35, 20]
[133, 67, 19,122, 86,  3,141, 77, 72, 27, 99, 94, 12,225, 18, 38,133, 67, 19,122, 86,  3,141, 77, 72, 27, 99, 94, 12,225, 18, 38]
