[d, p, q] = [32, 9, 23]
196,0,828
Degree Spatial distribution
[2, 2, 2, 2, 2, 2, 2, 2, 2, 2, 2, 2, 2, 2, 2, 2, 2, 2, 2, 2, 2, 2, 2, 2, 2, 2, 2, 2, 2, 2, 2, 2]
[2, 2, 2, 2, 2, 2, 2, 2, 2, 2, 2, 2, 2, 2, 2, 2, 2, 2, 2, 2, 2, 2, 2, 2, 2, 2, 2, 2, 2, 2, 2, 2]
[2, 2, 2, 2, 2, 2, 2, 2, 2, 2, 2, 2, 2, 2, 2, 2, 2, 2, 2, 2, 2, 2, 2, 2, 2, 2, 2, 2, 2, 2, 2, 2]
[2, 2, 2, 2, 2, 2, 2, 2, 2, 2, 2, 2, 2, 2, 2, 2, 2, 2, 2, 2, 2, 2, 2, 2, 2, 2, 2, 2, 2, 2, 2, 2]
[2, 2, 2, 2, 2, 2, 2, 2, 2, 2, 2, 2, 2, 2, 2, 2, 2, 2, 2, 2, 2, 2, 2, 2, 2, 2, 2, 2, 2, 2, 2, 2]
[2, 2, 2, 2, 2, 2, 2, 2, 2, 2, 2, 2, 2, 2, 2, 2, 2, 2, 2, 2, 2, 2, 2, 2, 2, 2, 2, 2, 2, 2, 2, 2]
[2, 2, 2, 2, 2, 2, 2, 2, 2, 2, 2, 2, 2, 2, 2, 2, 2, 2, 2, 2, 2, 2, 2, 2, 2, 2, 2, 2, 2, 2, 2, 2]
[2, 2, 2, 2, 2, 2, 2, 2, 2, 2, 2, 2, 2, 2, 2, 2, 2, 2, 2, 2, 2, 2, 2, 2, 2, 2, 2, 2, 2, 2, 2, 2]
[2, 2, 2, 2, 2, 2, 2, 2, 2, 2, 2, 2, 2, 2, 2, 2, 2, 2, 2, 2, 2, 2, 2, 2, 2, 2, 2, 2, 2, 2, 2, 2]
[2, 2, 2, 2, 2, 2, 2, 2, 2, 0, 0, 0, 0, 0, 0, 0, 0, 0, 0, 0, 0, 0, 0, 2, 2, 2, 2, 2, 2, 2, 2, 2]
[2, 2, 2, 2, 2, 2, 2, 2, 2, 0, 0, 0, 0, 0, 0, 0, 0, 0, 0, 0, 0, 0, 0, 2, 2, 2, 2, 2, 2, 2, 2, 2]
[2, 2, 2, 2, 2, 2, 2, 2, 2, 0, 0, 0, 0, 0, 0, 0, 0, 0, 0, 0, 0, 0, 0, 2, 2, 2, 2, 2, 2, 2, 2, 2]
[2, 2, 2, 2, 2, 2, 2, 2, 2, 0, 0, 0, 0, 0, 0, 0, 0, 0, 0, 0, 0, 0, 0, 2, 2, 2, 2, 2, 2, 2, 2, 2]
[2, 2, 2, 2, 2, 2, 2, 2, 2, 0, 0, 0, 0, 0, 0, 0, 0, 0, 0, 0, 0, 0, 0, 2, 2, 2, 2, 2, 2, 2, 2, 2]
[2, 2, 2, 2, 2, 2, 2, 2, 2, 0, 0, 0, 0, 0, 0, 0, 0, 0, 0, 0, 0, 0, 0, 2, 2, 2, 2, 2, 2, 2, 2, 2]
[2, 2, 2, 2, 2, 2, 2, 2, 2, 0, 0, 0, 0, 0, 0, 0, 0, 0, 0, 0, 0, 0, 0, 2, 2, 2, 2, 2, 2, 2, 2, 2]
[2, 2, 2, 2, 2, 2, 2, 2, 2, 0, 0, 0, 0, 0, 0, 0, 0, 0, 0, 0, 0, 0, 0, 2, 2, 2, 2, 2, 2, 2, 2, 2]
[2, 2, 2, 2, 2, 2, 2, 2, 2, 0, 0, 0, 0, 0, 0, 0, 0, 0, 0, 0, 0, 0, 0, 2, 2, 2, 2, 2, 2, 2, 2, 2]
[2, 2, 2, 2, 2, 2, 2, 2, 2, 0, 0, 0, 0, 0, 0, 0, 0, 0, 0, 0, 0, 0, 0, 2, 2, 2, 2, 2, 2, 2, 2, 2]
[2, 2, 2, 2, 2, 2, 2, 2, 2, 0, 0, 0, 0, 0, 0, 0, 0, 0, 0, 0, 0, 0, 0, 2, 2, 2, 2, 2, 2, 2, 2, 2]
[2, 2, 2, 2, 2, 2, 2, 2, 2, 0, 0, 0, 0, 0, 0, 0, 0, 0, 0, 0, 0, 0, 0, 2, 2, 2, 2, 2, 2, 2, 2, 2]
[2, 2, 2, 2, 2, 2, 2, 2, 2, 0, 0, 0, 0, 0, 0, 0, 0, 0, 0, 0, 0, 0, 0, 2, 2, 2, 2, 2, 2, 2, 2, 2]
[2, 2, 2, 2, 2, 2, 2, 2, 2, 0, 0, 0, 0, 0, 0, 0, 0, 0, 0, 0, 0, 0, 0, 2, 2, 2, 2, 2, 2, 2, 2, 2]
[2, 2, 2, 2, 2, 2, 2, 2, 2, 2, 2, 2, 2, 2, 2, 2, 2, 2, 2, 2, 2, 2, 2, 2, 2, 2, 2, 2, 2, 2, 2, 2]
[2, 2, 2, 2, 2, 2, 2, 2, 2, 2, 2, 2, 2, 2, 2, 2, 2, 2, 2, 2, 2, 2, 2, 2, 2, 2, 2, 2, 2, 2, 2, 2]
[2, 2, 2, 2, 2, 2, 2, 2, 2, 2, 2, 2, 2, 2, 2, 2, 2, 2, 2, 2, 2, 2, 2, 2, 2, 2, 2, 2, 2, 2, 2, 2]
[2, 2, 2, 2, 2, 2, 2, 2, 2, 2, 2, 2, 2, 2, 2, 2, 2, 2, 2, 2, 2, 2, 2, 2, 2, 2, 2, 2, 2, 2, 2, 2]
[2, 2, 2, 2, 2, 2, 2, 2, 2, 2, 2, 2, 2, 2, 2, 2, 2, 2, 2, 2, 2, 2, 2, 2, 2, 2, 2, 2, 2, 2, 2, 2]
[2, 2, 2, 2, 2, 2, 2, 2, 2, 2, 2, 2, 2, 2, 2, 2, 2, 2, 2, 2, 2, 2, 2, 2, 2, 2, 2, 2, 2, 2, 2, 2]
[2, 2, 2, 2, 2, 2, 2, 2, 2, 2, 2, 2, 2, 2, 2, 2, 2, 2, 2, 2, 2, 2, 2, 2, 2, 2, 2, 2, 2, 2, 2, 2]
[2, 2, 2, 2, 2, 2, 2, 2, 2, 2, 2, 2, 2, 2, 2, 2, 2, 2, 2, 2, 2, 2, 2, 2, 2, 2, 2, 2, 2, 2, 2, 2]
[2, 2, 2, 2, 2, 2, 2, 2, 2, 2, 2, 2, 2, 2, 2, 2, 2, 2, 2, 2, 2, 2, 2, 2, 2, 2, 2, 2, 2, 2, 2, 2]
Edges: 828
Moves: 1656
Max Clique Size: 2
Number of Max Cliques: 1024
Number of Connected Components: 230
Connected Components Spatial Distribution
[ 17, 20, 42,  7,  3,  2,  3,  2,  3,  2, 17, 20, 42,  7, 43, 27, 25, 14, 17, 20, 42,  7,  3,  2,  3,  2,  3,  2, 17, 20, 42,  7]
[ 45,  6, 13, 44,  2, 17, 20, 42,  7,  3, 45,  6, 13, 44, 18, 46, 50, 26, 45,  6, 13, 44,  2, 17, 20, 42,  7,  3, 45,  6, 13, 44]
[ 62,  4,  1, 24,  3, 45,  6, 13, 44,  2, 62,  4,  1, 24, 91, 15,  9, 53, 62,  4,  1, 24,  3, 45,  6, 13, 44,  2, 62,  4,  1, 24]
[ 51, 39, 30, 22,  2, 62,  4,  1, 24,  3, 51, 39, 30, 22, 12, 23, 84, 47, 51, 39, 30, 22,  2, 62,  4,  1, 24,  3, 51, 39, 30, 22]
[  3,  2,  3,  2,  3, 51, 39, 30, 22,  2,  3,  2,  3,  2, 17, 20, 42,  7,  3,  2,  3,  2,  3, 51, 39, 30, 22,  2,  3,  2,  3,  2]
[  2, 17, 20, 42,  7, 43, 27, 25, 14, 17, 20, 42,  7,  3, 45,  6, 13, 44,  2, 17, 20, 42,  7, 43, 27, 25, 14, 17, 20, 42,  7,  3]
[  3, 45,  6, 13, 44, 18, 46, 50, 26, 45,  6, 13, 44,  2, 62,  4,  1, 24,  3, 45,  6, 13, 44, 18, 46, 50, 26, 45,  6, 13, 44,  2]
[  2, 62,  4,  1, 24, 91, 15,  9, 53, 62,  4,  1, 24,  3, 51, 39, 30, 22,  2, 62,  4,  1, 24, 91, 15,  9, 53, 62,  4,  1, 24,  3]
[  3, 51, 39, 30, 22, 12, 23, 84, 47, 51, 39, 30, 22,  2,  3,  2,  3,  2,  3, 51, 39, 30, 22, 12, 23, 84, 47, 51, 39, 30, 22,  2]
[  2,  3,  2,  3,  2, 17, 20, 42,  7, 35, 52,150,163,108,162,107,  5,179,187,178,186,133, 96, 17, 20, 42,  7,  3,  2,  3,  2,  3]
[ 17, 20, 42,  7,  3, 45,  6, 13, 44,126,104, 97, 79,195,213, 57,145, 67, 32,120,101,218,149, 45,  6, 13, 44,  2, 17, 20, 42,  7]
[ 45,  6, 13, 44,  2, 62,  4,  1, 24,211,220,182,193, 82,128,137, 66,146,156,205,217,102, 70, 62,  4,  1, 24,  3, 45,  6, 13, 44]
[ 62,  4,  1, 24,  3, 51, 39, 30, 22,219, 76,127,183,165,105,164,177,154,209,153,208,188, 34, 51, 39, 30, 22,  2, 62,  4,  1, 24]
[ 51, 39, 30, 22,  2,  3,  2,  3,  2,103,190,212, 98, 41,222, 40, 94, 29,124, 28,123, 74,158,  3,  2,  3,  2,  3, 51, 39, 30, 22]
[ 43, 27, 25, 14, 17, 20, 42,  7,  3,189, 36,160,214,130, 78,194,204,121,181,185, 31,157,210,  2, 17, 20, 42,  7, 43, 27, 25, 14]
[ 18, 46, 50, 26, 45,  6, 13, 44,  2, 75,159, 37,129,215,192, 81,119,206, 95, 73,155, 33,125,  3, 45,  6, 13, 44, 18, 46, 50, 26]
[ 91, 15,  9, 53, 62,  4,  1, 24,  3,191,169,144,117, 99,168,143,197,173,148,216,196,172,147,  2, 62,  4,  1, 24, 91, 15,  9, 53]
[ 12, 23, 84, 47, 51, 39, 30, 22,  2, 77, 87,230, 19,184, 86,229,111, 60, 69,100,110, 59, 68,  3, 51, 39, 30, 22, 12, 23, 84, 47]
[ 17, 20, 42,  7,  3,  2,  3,  2,  3,161,136,175,151, 72,135,174,225,141,116, 48,224,140,115,  2,  3,  2,  3,  2, 17, 20, 42,  7]
[ 45,  6, 13, 44,  2, 17, 20, 42,  7, 38, 56, 64, 71,152, 55, 63,139,227, 11,131,138,226, 10, 17, 20, 42,  7,  3, 45,  6, 13, 44]
[ 62,  4,  1, 24,  3, 45,  6, 13, 44, 54,106,202, 65, 21,228, 88, 58,  8, 90, 83,132,112,207, 45,  6, 13, 44,  2, 62,  4,  1, 24]
[ 51, 39, 30, 22,  2, 62,  4,  1, 24,134,223, 92,176,118,142,170,171,114,201,166, 49,198,122, 62,  4,  1, 24,  3, 51, 39, 30, 22]
[  3,  2,  3,  2,  3, 51, 39, 30, 22,221, 80, 16, 93,203,199,113, 89,200, 61,109,167, 85,180, 51, 39, 30, 22,  2,  3,  2,  3,  2]
[  2, 17, 20, 42,  7, 43, 27, 25, 14, 17, 20, 42,  7,  3,  2,  3,  2,  3,  2, 17, 20, 42,  7, 43, 27, 25, 14, 17, 20, 42,  7,  3]
[  3, 45,  6, 13, 44, 18, 46, 50, 26, 45,  6, 13, 44,  2, 17, 20, 42,  7,  3, 45,  6, 13, 44, 18, 46, 50, 26, 45,  6, 13, 44,  2]
[  2, 62,  4,  1, 24, 91, 15,  9, 53, 62,  4,  1, 24,  3, 45,  6, 13, 44,  2, 62,  4,  1, 24, 91, 15,  9, 53, 62,  4,  1, 24,  3]
[  3, 51, 39, 30, 22, 12, 23, 84, 47, 51, 39, 30, 22,  2, 62,  4,  1, 24,  3, 51, 39, 30, 22, 12, 23, 84, 47, 51, 39, 30, 22,  2]
[  2,  3,  2,  3,  2, 17, 20, 42,  7,  3,  2,  3,  2,  3, 51, 39, 30, 22,  2,  3,  2,  3,  2, 17, 20, 42,  7,  3,  2,  3,  2,  3]
[ 17, 20, 42,  7,  3, 45,  6, 13, 44,  2, 17, 20, 42,  7, 43, 27, 25, 14, 17, 20, 42,  7,  3, 45,  6, 13, 44,  2, 17, 20, 42,  7]
[ 45,  6, 13, 44,  2, 62,  4,  1, 24,  3, 45,  6, 13, 44, 18, 46, 50, 26, 45,  6, 13, 44,  2, 62,  4,  1, 24,  3, 45,  6, 13, 44]
[ 62,  4,  1, 24,  3, 51, 39, 30, 22,  2, 62,  4,  1, 24, 91, 15,  9, 53, 62,  4,  1, 24,  3, 51, 39, 30, 22,  2, 62,  4,  1, 24]
[ 51, 39, 30, 22,  2,  3,  2,  3,  2,  3, 51, 39, 30, 22, 12, 23, 84, 47, 51, 39, 30, 22,  2,  3,  2,  3,  2,  3, 51, 39, 30, 22]
