[d, p, q] = [8, 2, 6]
0,0,16,64,224,0,320,0,400
Degree Spatial distribution
[2, 2, 3, 3, 3, 3, 4, 4, 4, 4, 4, 4, 4, 4, 4, 4, 4, 4, 4, 4, 4, 4, 4, 4, 4, 4, 3, 3, 3, 3, 2, 2]
[2, 2, 3, 3, 3, 3, 4, 4, 4, 4, 4, 4, 4, 4, 4, 4, 4, 4, 4, 4, 4, 4, 4, 4, 4, 4, 3, 3, 3, 3, 2, 2]
[3, 3, 4, 4, 4, 4, 6, 6, 6, 6, 6, 6, 6, 6, 6, 6, 6, 6, 6, 6, 6, 6, 6, 6, 6, 6, 4, 4, 4, 4, 3, 3]
[3, 3, 4, 4, 4, 4, 6, 6, 6, 6, 6, 6, 6, 6, 6, 6, 6, 6, 6, 6, 6, 6, 6, 6, 6, 6, 4, 4, 4, 4, 3, 3]
[3, 3, 4, 4, 4, 4, 6, 6, 6, 6, 6, 6, 6, 6, 6, 6, 6, 6, 6, 6, 6, 6, 6, 6, 6, 6, 4, 4, 4, 4, 3, 3]
[3, 3, 4, 4, 4, 4, 6, 6, 6, 6, 6, 6, 6, 6, 6, 6, 6, 6, 6, 6, 6, 6, 6, 6, 6, 6, 4, 4, 4, 4, 3, 3]
[4, 4, 6, 6, 6, 6, 8, 8, 8, 8, 8, 8, 8, 8, 8, 8, 8, 8, 8, 8, 8, 8, 8, 8, 8, 8, 6, 6, 6, 6, 4, 4]
[4, 4, 6, 6, 6, 6, 8, 8, 8, 8, 8, 8, 8, 8, 8, 8, 8, 8, 8, 8, 8, 8, 8, 8, 8, 8, 6, 6, 6, 6, 4, 4]
[4, 4, 6, 6, 6, 6, 8, 8, 8, 8, 8, 8, 8, 8, 8, 8, 8, 8, 8, 8, 8, 8, 8, 8, 8, 8, 6, 6, 6, 6, 4, 4]
[4, 4, 6, 6, 6, 6, 8, 8, 8, 8, 8, 8, 8, 8, 8, 8, 8, 8, 8, 8, 8, 8, 8, 8, 8, 8, 6, 6, 6, 6, 4, 4]
[4, 4, 6, 6, 6, 6, 8, 8, 8, 8, 8, 8, 8, 8, 8, 8, 8, 8, 8, 8, 8, 8, 8, 8, 8, 8, 6, 6, 6, 6, 4, 4]
[4, 4, 6, 6, 6, 6, 8, 8, 8, 8, 8, 8, 8, 8, 8, 8, 8, 8, 8, 8, 8, 8, 8, 8, 8, 8, 6, 6, 6, 6, 4, 4]
[4, 4, 6, 6, 6, 6, 8, 8, 8, 8, 8, 8, 8, 8, 8, 8, 8, 8, 8, 8, 8, 8, 8, 8, 8, 8, 6, 6, 6, 6, 4, 4]
[4, 4, 6, 6, 6, 6, 8, 8, 8, 8, 8, 8, 8, 8, 8, 8, 8, 8, 8, 8, 8, 8, 8, 8, 8, 8, 6, 6, 6, 6, 4, 4]
[4, 4, 6, 6, 6, 6, 8, 8, 8, 8, 8, 8, 8, 8, 8, 8, 8, 8, 8, 8, 8, 8, 8, 8, 8, 8, 6, 6, 6, 6, 4, 4]
[4, 4, 6, 6, 6, 6, 8, 8, 8, 8, 8, 8, 8, 8, 8, 8, 8, 8, 8, 8, 8, 8, 8, 8, 8, 8, 6, 6, 6, 6, 4, 4]
[4, 4, 6, 6, 6, 6, 8, 8, 8, 8, 8, 8, 8, 8, 8, 8, 8, 8, 8, 8, 8, 8, 8, 8, 8, 8, 6, 6, 6, 6, 4, 4]
[4, 4, 6, 6, 6, 6, 8, 8, 8, 8, 8, 8, 8, 8, 8, 8, 8, 8, 8, 8, 8, 8, 8, 8, 8, 8, 6, 6, 6, 6, 4, 4]
[4, 4, 6, 6, 6, 6, 8, 8, 8, 8, 8, 8, 8, 8, 8, 8, 8, 8, 8, 8, 8, 8, 8, 8, 8, 8, 6, 6, 6, 6, 4, 4]
[4, 4, 6, 6, 6, 6, 8, 8, 8, 8, 8, 8, 8, 8, 8, 8, 8, 8, 8, 8, 8, 8, 8, 8, 8, 8, 6, 6, 6, 6, 4, 4]
[4, 4, 6, 6, 6, 6, 8, 8, 8, 8, 8, 8, 8, 8, 8, 8, 8, 8, 8, 8, 8, 8, 8, 8, 8, 8, 6, 6, 6, 6, 4, 4]
[4, 4, 6, 6, 6, 6, 8, 8, 8, 8, 8, 8, 8, 8, 8, 8, 8, 8, 8, 8, 8, 8, 8, 8, 8, 8, 6, 6, 6, 6, 4, 4]
[4, 4, 6, 6, 6, 6, 8, 8, 8, 8, 8, 8, 8, 8, 8, 8, 8, 8, 8, 8, 8, 8, 8, 8, 8, 8, 6, 6, 6, 6, 4, 4]
[4, 4, 6, 6, 6, 6, 8, 8, 8, 8, 8, 8, 8, 8, 8, 8, 8, 8, 8, 8, 8, 8, 8, 8, 8, 8, 6, 6, 6, 6, 4, 4]
[4, 4, 6, 6, 6, 6, 8, 8, 8, 8, 8, 8, 8, 8, 8, 8, 8, 8, 8, 8, 8, 8, 8, 8, 8, 8, 6, 6, 6, 6, 4, 4]
[4, 4, 6, 6, 6, 6, 8, 8, 8, 8, 8, 8, 8, 8, 8, 8, 8, 8, 8, 8, 8, 8, 8, 8, 8, 8, 6, 6, 6, 6, 4, 4]
[3, 3, 4, 4, 4, 4, 6, 6, 6, 6, 6, 6, 6, 6, 6, 6, 6, 6, 6, 6, 6, 6, 6, 6, 6, 6, 4, 4, 4, 4, 3, 3]
[3, 3, 4, 4, 4, 4, 6, 6, 6, 6, 6, 6, 6, 6, 6, 6, 6, 6, 6, 6, 6, 6, 6, 6, 6, 6, 4, 4, 4, 4, 3, 3]
[3, 3, 4, 4, 4, 4, 6, 6, 6, 6, 6, 6, 6, 6, 6, 6, 6, 6, 6, 6, 6, 6, 6, 6, 6, 6, 4, 4, 4, 4, 3, 3]
[3, 3, 4, 4, 4, 4, 6, 6, 6, 6, 6, 6, 6, 6, 6, 6, 6, 6, 6, 6, 6, 6, 6, 6, 6, 6, 4, 4, 4, 4, 3, 3]
[2, 2, 3, 3, 3, 3, 4, 4, 4, 4, 4, 4, 4, 4, 4, 4, 4, 4, 4, 4, 4, 4, 4, 4, 4, 4, 3, 3, 3, 3, 2, 2]
[2, 2, 3, 3, 3, 3, 4, 4, 4, 4, 4, 4, 4, 4, 4, 4, 4, 4, 4, 4, 4, 4, 4, 4, 4, 4, 3, 3, 3, 3, 2, 2]
Edges: 3120
Moves: 6240
Max Clique Size: 2
Number of Max Cliques: 3120
Number of Connected Components: 8
Connected Components Spatial Distribution
[8,2,5,6,8,2,5,6,8,2,5,6,8,2,5,6,8,2,5,6,8,2,5,6,8,2,5,6,8,2,5,6]
[4,1,7,3,4,1,7,3,4,1,7,3,4,1,7,3,4,1,7,3,4,1,7,3,4,1,7,3,4,1,7,3]
[5,6,8,2,5,6,8,2,5,6,8,2,5,6,8,2,5,6,8,2,5,6,8,2,5,6,8,2,5,6,8,2]
[7,3,4,1,7,3,4,1,7,3,4,1,7,3,4,1,7,3,4,1,7,3,4,1,7,3,4,1,7,3,4,1]
[8,2,5,6,8,2,5,6,8,2,5,6,8,2,5,6,8,2,5,6,8,2,5,6,8,2,5,6,8,2,5,6]
[4,1,7,3,4,1,7,3,4,1,7,3,4,1,7,3,4,1,7,3,4,1,7,3,4,1,7,3,4,1,7,3]
[5,6,8,2,5,6,8,2,5,6,8,2,5,6,8,2,5,6,8,2,5,6,8,2,5,6,8,2,5,6,8,2]
[7,3,4,1,7,3,4,1,7,3,4,1,7,3,4,1,7,3,4,1,7,3,4,1,7,3,4,1,7,3,4,1]
[8,2,5,6,8,2,5,6,8,2,5,6,8,2,5,6,8,2,5,6,8,2,5,6,8,2,5,6,8,2,5,6]
[4,1,7,3,4,1,7,3,4,1,7,3,4,1,7,3,4,1,7,3,4,1,7,3,4,1,7,3,4,1,7,3]
[5,6,8,2,5,6,8,2,5,6,8,2,5,6,8,2,5,6,8,2,5,6,8,2,5,6,8,2,5,6,8,2]
[7,3,4,1,7,3,4,1,7,3,4,1,7,3,4,1,7,3,4,1,7,3,4,1,7,3,4,1,7,3,4,1]
[8,2,5,6,8,2,5,6,8,2,5,6,8,2,5,6,8,2,5,6,8,2,5,6,8,2,5,6,8,2,5,6]
[4,1,7,3,4,1,7,3,4,1,7,3,4,1,7,3,4,1,7,3,4,1,7,3,4,1,7,3,4,1,7,3]
[5,6,8,2,5,6,8,2,5,6,8,2,5,6,8,2,5,6,8,2,5,6,8,2,5,6,8,2,5,6,8,2]
[7,3,4,1,7,3,4,1,7,3,4,1,7,3,4,1,7,3,4,1,7,3,4,1,7,3,4,1,7,3,4,1]
[8,2,5,6,8,2,5,6,8,2,5,6,8,2,5,6,8,2,5,6,8,2,5,6,8,2,5,6,8,2,5,6]
[4,1,7,3,4,1,7,3,4,1,7,3,4,1,7,3,4,1,7,3,4,1,7,3,4,1,7,3,4,1,7,3]
[5,6,8,2,5,6,8,2,5,6,8,2,5,6,8,2,5,6,8,2,5,6,8,2,5,6,8,2,5,6,8,2]
[7,3,4,1,7,3,4,1,7,3,4,1,7,3,4,1,7,3,4,1,7,3,4,1,7,3,4,1,7,3,4,1]
[8,2,5,6,8,2,5,6,8,2,5,6,8,2,5,6,8,2,5,6,8,2,5,6,8,2,5,6,8,2,5,6]
[4,1,7,3,4,1,7,3,4,1,7,3,4,1,7,3,4,1,7,3,4,1,7,3,4,1,7,3,4,1,7,3]
[5,6,8,2,5,6,8,2,5,6,8,2,5,6,8,2,5,6,8,2,5,6,8,2,5,6,8,2,5,6,8,2]
[7,3,4,1,7,3,4,1,7,3,4,1,7,3,4,1,7,3,4,1,7,3,4,1,7,3,4,1,7,3,4,1]
[8,2,5,6,8,2,5,6,8,2,5,6,8,2,5,6,8,2,5,6,8,2,5,6,8,2,5,6,8,2,5,6]
[4,1,7,3,4,1,7,3,4,1,7,3,4,1,7,3,4,1,7,3,4,1,7,3,4,1,7,3,4,1,7,3]
[5,6,8,2,5,6,8,2,5,6,8,2,5,6,8,2,5,6,8,2,5,6,8,2,5,6,8,2,5,6,8,2]
[7,3,4,1,7,3,4,1,7,3,4,1,7,3,4,1,7,3,4,1,7,3,4,1,7,3,4,1,7,3,4,1]
[8,2,5,6,8,2,5,6,8,2,5,6,8,2,5,6,8,2,5,6,8,2,5,6,8,2,5,6,8,2,5,6]
[4,1,7,3,4,1,7,3,4,1,7,3,4,1,7,3,4,1,7,3,4,1,7,3,4,1,7,3,4,1,7,3]
[5,6,8,2,5,6,8,2,5,6,8,2,5,6,8,2,5,6,8,2,5,6,8,2,5,6,8,2,5,6,8,2]
[7,3,4,1,7,3,4,1,7,3,4,1,7,3,4,1,7,3,4,1,7,3,4,1,7,3,4,1,7,3,4,1]
